Aruba;ABW;174.6975007;165.1049086;182.2590757;92.38097458;228.3558947;266.4751055;2.868319392;7.235198033;10.02617921;10.6347326;7.847447264;8.22808022;7.899890086;8.952044025;8.605736636;8.81095314;8.726754808;8.883090894;9.24344329;9.105185102;26.19487524;25.93402441;25.67116178;26.42045209;26.51729342;27.20070778;26.94772597;27.89502282;26.22955267;25.91532206;24.67052887;24.50751622;13.15772231;8.353561008;8.410064178;8.610373679;8.426910901
Afghanistan;AFG;0.131782918;0.150614656;0.163103934;0.201224305;0.231961346;0.293956932;0.267771904;0.269229596;0.246823271;0.233882195;0.210643419;0.183363552;0.096196581;0.085087108;0.075806494;0.068639862;0.062434611;0.056642345;0.052763218;0.04072254;0.037234781;0.037846136;0.047377324;0.051255589;0.037075331;0.051743965;0.062427532;0.083892806;0.151720912;0.238398541;0.28998763;0.406424217;0.345148783;0.280454641;0.253727945;0.262555711;0.245101422
Angola;AGO;0.640966402;0.61113512;0.519354626;0.551348574;0.520982856;0.471902772;0.451618883;0.544085132;0.463508296;0.437295462;0.431743615;0.41553083;0.410522932;0.441721098;0.288119068;0.787032547;0.726233461;0.496361245;0.47581516;0.577082914;0.581961496;0.574316054;0.722958875;0.500225396;1.001878117;0.985736355;1.105019027;1.203134;1.185000494;1.234425074;1.244091538;1.262824619;1.361181055;1.295075373;1.664740736;1.240245462;1.202860579
Albania;ALB;1.93505831;2.693023914;2.624856785;2.683239919;2.694291374;2.658015382;2.665356221;2.414060815;2.331598531;2.783243075;1.678106654;1.3122126;0.774724911;0.723790292;0.600203708;0.654537133;0.636625313;0.49036506;0.560271437;0.960164412;0.978174681;1.053304176;1.229540709;1.412697196;1.376212735;1.412498211;1.302576367;1.322334855;1.484311139;1.495600199;1.578573584;1.803714725;1.697965557;1.697279396;1.90006971;1.602648034;1.577162624
Andorra;AND;0;0;0;0;0;0;0;0;0;0;7.467335669;7.182456636;6.912053389;6.736054846;6.494200424;6.662051684;7.065071473;7.239712718;7.660783886;7.975454404;8.019284294;7.786950001;7.590615141;7.315760706;7.358624941;7.299871936;6.746052128;6.519387064;6.427809974;6.121579863;6.122594702;5.867410176;5.916884031;5.901775324;5.832906215;5.969786312;6.072370208
Arab World;ARB;3.082564496;2.915759233;2.702626188;2.797639712;2.961125883;3.035688904;3.261307558;3.174227313;3.268109579;3.229117884;2.940999793;3.253318297;3.449939794;3.735034752;3.741768301;3.422178818;3.422501862;3.277162044;3.350726129;3.328991156;3.706922177;3.608515545;3.605098095;3.797380771;4.070861267;4.187563397;4.287322663;4.118446523;4.408395616;4.56292492;4.63064477;4.572406668;4.956928314;4.801389535;4.981329527;4.933420267;4.712844702
United Arab Emirates;ARE;36.19849163;33.60995887;31.65478629;28.76982138;35.85465517;36.54481087;32.65713505;31.10002113;29.72696252;31.57475397;28.44462414;29.43022518;28.31938861;30.36176287;31.87389257;29.24987806;28.9200595;27.58868547;28.96879086;26.42410404;35.91576427;30.70305133;24.33509305;28.76750975;27.81680566;25.29770249;23.34418587;21.97404471;22.1691104;21.25389119;18.55247271;19.18306458;24.04313711;23.99600159;24.54304265;21.02639249;22.04082852
Argentina;ARG;3.897888332;3.600810028;3.591793419;3.595564042;3.582148497;3.329225647;3.39465765;3.685883317;3.835714346;3.642232454;3.438151412;3.539959219;3.619280358;3.471494485;3.558099412;3.674141708;3.830198391;3.870270007;3.876926392;4.030588815;3.854991948;3.587350317;3.309683688;3.546088324;4.094082917;4.168128548;4.465186021;4.414246417;4.718224428;4.445387803;4.606804136;4.644106454;4.625259616;4.589774171;4.588229602;4.664010748;4.619085482
Armenia;ARM;0;0;0;0;0;0;0;0;0;0;0;0;1.692469568;0.759981244;0.824153606;1.059975483;0.809044887;1.032301987;1.081691081;0.97580205;1.128917501;1.161155504;1.00317471;1.136090873;1.214707803;1.458795567;1.480035034;1.724327205;1.909411071;1.509669013;1.463068919;1.709501839;1.974479488;1.897040086;1.898719374;1.642004093;1.755976031
American Samoa;ASM;0;0;0;0;0;0;0;0;0;0;0;0;0;0;0;0;0;0;0;0;0;0;0;0;0;0;0;0;0;0;0;0;0;0;0;0;0
Antigua and Barbuda;ATG;2.311694819;1.720760518;4.748539148;1.365028242;2.374000583;4.035800991;4.037892282;4.45622762;4.63042528;4.61272739;4.515720957;4.224454369;4.095236618;4.12542378;3.983259925;4.005024028;4.180525273;4.29582729;4.356891183;4.419610574;4.534545359;4.511798684;4.73040424;5.086633039;5.249265585;5.266543915;5.365000484;5.586080499;5.625221026;5.875925115;5.956979597;5.751963519;5.800097335;5.729937934;5.704803267;5.839546416;5.896558655
Australia;AUS;15.02491601;15.43250084;15.42493181;14.64008413;15.2209753;15.3084102;14.98057315;15.7469578;15.79616778;16.51986292;15.45288167;15.12796621;15.31776851;15.7014518;15.57658628;15.59651881;16.50180039;16.51427321;16.93569585;17.19029769;17.20060983;16.73336743;17.37045177;16.90195895;17.02651535;17.16971145;17.65139831;17.86526004;18.16087566;18.20018196;17.74084505;17.53887776;17.07290468;16.09805289;15.39110908;15.33978358;15.53922046
Austria;AUT;6.928479;7.416160614;7.112124941;6.874373273;7.214278667;7.230766353;7.144304852;7.623419815;7.032030698;7.102448997;7.527096778;7.958754933;7.240734735;7.237860397;7.204050771;7.538586345;7.957359181;7.881156109;7.998932904;7.759483224;7.771971173;8.191402004;8.291402441;8.847570801;8.827850116;8.971590197;8.685610489;8.368402844;8.269096686;7.526222825;8.078585585;7.753378093;7.393167086;7.373937404;6.892179661;7.088592233;7.033335706
Azerbaijan;AZE;0;0;0;0;0;0;0;0;0;0;0;0;7.61863709;6.464585857;5.525358563;4.337414444;4.026472755;3.803022741;4.00297561;3.579835395;3.666271029;3.547105484;3.623944346;3.718169927;3.863229639;4.091801927;4.616299863;3.5553401;4.051383481;3.565668218;3.388225879;3.624593021;3.807914534;3.769492421;3.920792371;3.896406086;3.855347182
Burundi;BDI;0.035282532;0.036957755;0.036002497;0.045658809;0.04761201;0.048627431;0.048025444;0.04960198;0.043986706;0.05044046;0.038429978;0.042831657;0.038053034;0.039212129;0.039784593;0.039811807;0.039936892;0.040730269;0.040312586;0.040373064;0.04254013;0.031468942;0.031724704;0.023352787;0.027765918;0.020912001;0.024582112;0.023786811;0.023465617;0.02270678;0.035505087;0.047483001;0.042040072;0.04304943;0.039112493;0.039701654;0.047201096
Belgium;BEL;13.72329627;12.57955507;11.92668478;10.31207942;10.69696639;10.59744025;10.43154171;10.44717278;10.13514385;10.81351494;10.63967167;11.09099988;11.14648251;10.67503455;11.1051094;11.08115205;11.62383425;11.32885202;11.60191455;11.17302675;11.2296677;11.13371551;10.3854951;10.88211417;10.66129022;10.35854254;10.16355441;9.755475498;9.7523272;9.197989292;10.11963524;9.056655467;8.565189829;8.737190336;8.347134375;8.811835806;8.550513254
Benin;BEN;0.139097135;0.112310111;0.125105341;0.112552906;0.120856597;0.173986403;0.155688061;0.118857275;0.118496584;0.130855167;0.142157591;0.159512217;0.168501162;0.205206743;0.221397671;0.224780453;0.207591276;0.193809928;0.187593089;0.234411619;0.232860969;0.256497596;0.285000234;0.313037269;0.323642156;0.299985405;0.471266952;0.531738861;0.507237101;0.521063069;0.553283259;0.534885417;0.493745251;0.503981273;0.522592065;0.573491445;0.595647727
Burkina Faso;BFA;0.06342019;0.079795452;0.080427283;0.08092381;0.061836945;0.061686819;0.060571874;0.063518718;0.066263378;0.095737173;0.066173051;0.069287423;0.067840845;0.0656434;0.065745043;0.062147134;0.068229866;0.075639822;0.078563833;0.08255275;0.089716851;0.083504269;0.081733493;0.085194017;0.084705971;0.083875344;0.098375854;0.111924126;0.121819571;0.125211461;0.134881687;0.136812099;0.162867174;0.171614339;0.168273976;0.183849877;0.183287285
Bangladesh;BGD;0.095911726;0.097003327;0.1024532;0.095609977;0.103187684;0.112760305;0.123010375;0.123994991;0.137961112;0.133612956;0.137265538;0.140256964;0.1431025;0.146247155;0.156291442;0.183461551;0.184269584;0.194915272;0.192103588;0.205333826;0.216415811;0.250764528;0.253743015;0.260732325;0.275079009;0.284106739;0.309163115;0.312205696;0.343895204;0.373296973;0.408083791;0.423609216;0.448127943;0.454664317;0.477335997;0.518850859;0.533298791
Bulgaria;BGR;8.744238667;9.03643153;10.10727531;10.10833662;9.749961471;9.992783476;10.21729994;10.214134;9.718843491;9.771261867;8.54301079;6.666757565;6.347137362;8.00979638;6.414520789;6.900326395;6.763241038;6.209849583;5.934325293;5.356718076;5.328034342;5.800066474;5.695266947;6.084370085;6.064891808;6.256282044;6.445333272;6.925435282;6.772087541;5.731193724;5.964900206;6.71637861;6.140537331;5.450695963;5.859433041;6.232579562;5.851501062
Bahrain;BHR;21.91714367;22.7888779;25.49180205;20.75587079;22.6111781;24.30514892;25.40371182;25.45830132;26.14679986;24.39905256;25.05885496;23.30000981;20.84167995;27.30708305;26.90951321;26.28778759;26.99557258;29.111344;29.9896904;28.30868397;28.31587801;20.21319771;21.61354479;21.57701475;21.63494826;22.35673846;20.33953035;25.91525689;26.70698996;23.81076404;23.58551891;22.57032933;21.19618937;23.88377367;23.47736317;23.97708643;22.22898097
Bahamas;BHS;37.94270885;13.01091368;10.27567398;8.96043255;8.07010173;6.440518719;5.90667191;5.848605054;6.224020109;7.735088367;7.18449944;7.066837032;6.961026805;6.493402049;6.341070742;6.216718299;6.094922846;5.321372643;6.574420933;6.646594936;6.545336201;6.179969466;6.269394786;6.277004046;6.18652593;5.632699109;5.372561044;5.325692302;6.871337083;4.594186565;6.725653769;5.007264091;5.244565217;7.820019718;6.341979802;5.389678412;4.725277895
Bosnia and Herzegovina;BIH;0;0;0;0;0;0;0;0;0;0;0;0;3.555547236;3.089893029;0.820680123;0.895429676;1.130952802;2.246682477;2.836905989;2.772275879;3.67562599;3.558116177;3.804157433;3.851050178;4.14708142;4.303598542;4.664794722;4.691454151;5.368241131;5.541816272;5.741760834;6.5243639;6.174441854;6.187911438;5.578265037;5.414911991;6.451938373
Belarus;BLR;0;0;0;0;0;0;0;0;0;0;0;0;8.556931578;7.497670183;6.361224895;5.961662841;5.921699705;5.886700306;5.770180554;5.596280066;5.389745291;5.314049012;5.311929657;5.464145912;5.977157999;6.122471586;6.462446658;6.330314039;6.623163555;6.439684267;6.64269666;6.762517349;6.653257675;6.661111872;6.628420401;6.141410885;6.133707568
Belize;BLZ;1.322770629;1.242494884;1.137617162;1.106063329;1.074850169;1.156214187;1.211030383;1.304233593;1.392832406;1.638936278;1.66191243;2.129656565;1.830442972;1.911229519;1.854591432;1.824968714;1.441646698;1.754228721;1.608584806;1.457667331;1.601342418;1.753974508;1.649170281;1.606035075;1.419035529;1.485923185;1.523044393;1.594214531;1.422230406;1.864645405;1.671656371;1.821080012;1.410384615;1.484980403;1.400941234;1.605245295;1.542847448
Bermuda;BMU;7.981946223;7.0608901;7.142347022;8.064384051;7.863938465;7.92718549;7.349081594;9.888710263;11.06127136;13.27426454;8.468108418;9.133172938;7.885348579;9.150381939;8.963503034;8.899591604;8.781918874;8.667884358;8.54427908;8.37692747;8.36199117;8.448227313;8.85974059;8.859865772;9.147364292;9.088334321;10.11617563;11.24603933;9.943759288;7.262934975;9.347122413;6.872359209;5.659125282;7.841617821;9.964367957;8.543985775;9.486460947
Bolivia;BOL;0.836585193;0.841265269;0.747988294;0.723163223;0.667484622;0.667594741;0.598657818;0.625506551;0.654790381;0.743099024;0.838648581;0.856676355;0.929434346;1.070587391;1.15655878;1.292196961;1.263301542;1.378568302;1.357332766;1.264809558;1.314642306;1.004764671;1.189084544;1.24555305;1.225562819;1.319869705;1.602553194;1.290181483;1.361717085;1.403395887;1.511526891;1.595994166;1.813416029;1.816390726;1.898829283;1.84670254;1.958514344
Brazil;BRA;1.550121183;1.390352265;1.361098386;1.28724347;1.275133165;1.33986355;1.440047634;1.472977772;1.457685287;1.462631966;1.40189577;1.446313753;1.430744302;1.471087009;1.518847687;1.594541722;1.729996821;1.797434636;1.839317927;1.85802905;1.876441307;1.90429564;1.850682075;1.769005571;1.835946431;1.865977058;1.847654542;1.910334175;2.018593476;1.893620024;2.144736395;2.224711944;2.358548364;2.505408788;2.631289885;2.466788048;2.242393446
Barbados;BRB;2.673312361;2.707202584;2.540093356;2.691370865;2.927893478;3.305498648;3.565636097;3.652517838;3.653166111;3.808668357;4.103550296;4.59241328;3.710437224;4.169035221;2.796351734;3.033370307;3.089601534;3.322610716;4.084489262;4.298150127;4.240789643;4.360029358;4.398924751;4.571569174;4.648955261;4.830535279;4.902954119;4.881438823;5.789738021;5.73979737;5.237995825;5.403566242;5.18317589;5.094918676;4.40310366;4.395403121;4.465128973
Brunei Darussalam;BRN;35.50131267;7.351563086;10.16114818;12.76073672;8.790379283;11.56715334;9.956949527;13.96949441;23.39099606;25.2430903;23.9391584;19.94596747;19.03843121;17.63975916;16.21590995;16.11873557;15.98629121;16.22160675;16.51128957;11.98314583;14.14342743;13.25380109;12.62579373;12.99511737;13.90557072;13.70929354;13.13240048;22.44413479;24.03617354;20.47909645;21.10681443;24.62749182;24.22676314;19.29518002;22.09494374;17.04874345;18.25638399
Bhutan;BTN;0.054075576;0.061392788;0.076941907;0.06669971;0.113711471;0.134274317;0.114906871;0.207714965;0.215900616;0.119382434;0.241793581;0.3498051;0.40476431;0.344257186;0.399863131;0.466417268;0.55533414;0.711188326;0.675732711;0.666287696;0.670087865;0.637855344;0.678613287;0.601588942;0.482186549;0.610470467;0.596840632;0.590138612;0.627898805;0.573033791;0.711464428;1.057842371;1.191699343;1.295927562;1.443226953;1.466042293;1.712274453
Botswana;BWA;1.098628083;1.08385246;1.142515903;1.034430245;1.013239755;1.083387716;0.960532629;1.073200763;1.084760268;1.14917508;2.100304176;1.987883033;2.038486191;2.285470049;2.114703091;2.074143022;1.832610502;1.81871107;2.122257308;1.963003582;2.300613874;2.299158405;2.334035534;2.207306512;2.207851253;2.276743421;2.253041002;2.256363909;2.35260558;1.989774241;2.299366163;2.001436934;2.491951415;2.748646327;3.283177265;2.56084596;2.935373787
Central African Republic;CAF;0.048351881;0.059917189;0.061238804;0.060905603;0.060663368;0.063468636;0.06211041;0.09836522;0.085754757;0.090815789;0.070551039;0.071339711;0.0731111;0.073432718;0.074860248;0.072824403;0.07094059;0.07242259;0.071746964;0.074205442;0.073532858;0.066009622;0.064618813;0.060468193;0.059266517;0.058114364;0.060551681;0.060272129;0.059209298;0.058332152;0.060186452;0.063071953;0.066125464;0.064305245;0.064892841;0.065290207;0.065457798
Canada;CAN;18.07962055;17.32493528;16.51518883;16.11132555;16.62025251;16.33299046;15.51911259;16.31019464;17.02217437;16.98419297;15.71554138;15.22180457;15.54314788;15.5337111;15.75307185;15.95907715;16.1910295;16.56173401;16.79757271;16.95288535;17.41463895;17.01842806;16.56039221;17.47884132;17.32455499;17.41190097;17.56133592;17.38715721;16.89745662;15.82542959;15.5055134;15.22379395;14.91382201;14.7988829;15.25547233;15.38895031;15.09005647
Switzerland;CHE;6.414949786;6.11563526;5.73116759;6.242518469;6.08124526;6.155338532;6.502824669;6.150039281;6.174526108;5.937782989;6.345085168;6.280297083;6.224236273;5.873423831;5.90858368;5.571316975;5.640102519;5.849483122;5.865651918;5.696073665;5.442630894;5.945427667;5.595070279;5.476765434;5.472989901;5.572649341;5.611284653;5.046599596;5.296949596;5.393600403;5.002174211;4.699381907;4.733662496;4.998221364;4.357240126;4.30703579;4.117489823
Channel Islands;CHI;0;0;0;0;0;0;0;0;0;0;0;0;0;0;0;0;0;0;0;0;0;0;0;0;0;0;0;0;0;0;0;0;0;0;0;0;0
Chile;CHL;2.212528246;2.120031283;1.755452166;1.75005299;1.838033604;1.754334175;1.787562703;1.793339974;2.095843165;2.480093742;2.509652817;2.321075596;2.367010235;2.483157938;2.689741811;2.90282435;3.324776296;3.814010139;3.84848448;4.056171947;3.833506699;3.43772838;3.517039182;3.508135131;3.73249299;3.82001803;3.963081057;4.333797151;4.300340466;3.956216401;4.234476106;4.59822558;4.653625241;4.736431087;4.454138162;4.632585658;4.713171921
China;CHN;1.495250749;1.460431817;1.566739684;1.629055908;1.75044806;1.871054791;1.939434257;2.038410689;2.150905225;2.153077911;2.152000537;2.228662125;2.306095614;2.442800659;2.565993892;2.755754966;2.844309582;2.820567891;2.67674598;2.648649247;2.696862433;2.742120813;3.007083197;3.524074093;4.037990651;4.523178064;4.980314197;5.082123622;5.701915025;5.677170257;6.560520007;7.241515419;7.424750916;7.557211045;7.543907641;7.398524566;7.175809897
Cote d Ivoire;CIV;0.774604196;0.532114656;0.697002814;0.529303064;0.56716656;0.73870954;0.578834418;0.718099242;0.82563083;0.740895091;0.422209051;0.369001603;0.319979027;0.402850348;0.341192447;0.466129996;0.534604712;0.500221834;0.443396718;0.390885668;0.412726893;0.458455888;0.422848418;0.310243409;0.426478538;0.426346238;0.37305611;0.353478286;0.345647505;0.282074856;0.339322893;0.344577055;0.431247827;0.483620536;0.489631014;0.471910597;0.406063977
Cameroon;CMR;0.452983539;0.601091068;0.692051635;0.696833203;0.620822168;0.643039097;0.191895709;0.17188426;0.198656087;0.668197763;0.057899567;0.008459116;0.222669165;0.228330725;0.218119;0.239433741;0.259326068;0.224195366;0.217921459;0.203822084;0.221240439;0.21478626;0.20893307;0.225901762;0.229249619;0.208439099;0.211886527;0.311484739;0.287986298;0.339833528;0.33332691;0.301338806;0.280419195;0.227388469;0.299738143;0.340283663;0.346522621
Congo. Dem. Rep.;COD;0.132857742;0.139680659;0.110867473;0.141754229;0.136128829;0.121860148;0.110067834;0.122238342;0.123876807;0.131274372;0.124062584;0.087926522;0.07572892;0.068964382;0.042634265;0.051155667;0.054631188;0.043089813;0.037201477;0.029067928;0.019305807;0.016279758;0.017573365;0.020821622;0.022457135;0.02737571;0.028452967;0.030049313;0.03077524;0.028009591;0.031294864;0.03735382;0.034852593;0.050309039;0.063330889;0.037225719;0.025644617
Congo. Rep.;COG;0.228938195;0.258404201;0.713993766;0.589609692;0.571076543;0.622974018;0.505167914;0.609668953;0.672115852;0.657229786;0.504132621;0.522277335;0.631796517;0.603079528;0.816329926;0.578314904;0.616034834;0.817225036;0.263379733;0.270339349;0.335345115;0.238166239;0.173912899;0.269084528;0.270548827;0.271271608;0.298636286;0.313142347;0.326342657;0.419298927;0.461621473;0.51231352;0.656941447;0.700438764;0.666519808;0.665272611;0.65889694
Colombia;COL;1.648891984;1.616879726;1.633862165;1.722127877;1.669896523;1.615252167;1.606056545;1.618419013;1.648060005;1.640109186;1.73210762;1.692052373;1.80257635;1.824446632;1.889645979;1.636794764;1.632508097;1.720652793;1.7197408;1.44904892;1.46161956;1.397899531;1.361734525;1.384189812;1.308847503;1.429045311;1.45692304;1.427394293;1.538558334;1.637733487;1.703569329;1.684662686;1.740315447;1.994489337;1.845535015;1.980399139;2.030378008
Comoros;COM;0.154861953;0.150094772;0.145806953;0.141837451;0.137990425;0.134157152;0.120308399;0.126564433;0.132327052;0.128463186;0.151457504;0.155721539;0.151234511;0.155079083;0.150716994;0.154272035;0.157598741;0.160720227;0.170761664;0.173348486;0.189314418;0.184706272;0.180298132;0.226353755;0.239461311;0.227828399;0.257569541;0.160026184;0.161805094;0.196081111;0.233942107;0.192025124;0.19756697;0.237376687;0.202812784;0.21697555;0.253503052
Cabo Verde;CPV;0.426324745;0.114325007;0.124620226;0.122139693;0.275501738;0.270602994;0.18530965;0.251215221;0.225144745;0.243596363;0.282118657;0.285963088;0.29892033;0.300530251;0.302005542;0.313269512;0.361570337;0.362836696;0.382243997;0.436078316;0.50527572;0.538634731;0.620892604;0.684613162;0.722772039;0.950344685;1.008255004;1.065225445;0.976154329;1.077485611;1.131390388;1.234937537;1.001605194;0.974526525;0.948113817;0.943404676;1.021783088
Costa Rica;CRI;1.031065989;0.916903813;0.826884773;0.811739979;0.751506912;0.828076173;0.927762449;0.955884377;0.993247052;0.978586469;0.94748052;1.042124116;1.153706048;1.172205422;1.523484215;1.372461525;1.307349047;1.341002525;1.397820177;1.42133612;1.381705453;1.428049411;1.542475173;1.591302752;1.640325621;1.602680619;1.633748883;1.844061519;1.821535135;1.748029084;1.653498575;1.591668491;1.565202005;1.627764831;1.635675761;1.549914766;1.637646665
Cuba;CUB;3.188045252;3.308449766;3.476160871;3.090090934;3.250043637;3.226174998;3.296155824;3.300664075;3.42734968;3.402387402;3.110569353;2.722367889;1.972102719;1.842114776;1.972476353;2.361199667;2.467842666;2.242964069;2.219395831;2.285285534;2.344271343;2.279749768;2.329599824;2.269590762;2.222618822;2.309299351;2.35365352;2.307209272;2.486661219;2.51245169;3.038892886;2.614653986;2.642483531;2.477553374;2.443066279;2.58233029;2.495218264
Curacao;CUW;0;0;0;0;0;0;0;0;0;0;0;0;0;0;0;0;0;0;0;0;0;0;0;0;0;0;0;0;0;0;0;0;39.44566304;33.89940321;37.72628905;40.48137739;33.76146157
Cayman Islands;CYM;9.952380952;9.134875445;9.252136017;9.365498862;9.820567756;9.795243232;9.872001958;10.04237839;9.827643777;10.67806481;9.851295828;10.22295057;11.22012239;11.47947986;12.01743462;11.28623391;11.30295024;11.25779954;11.1935871;10.61452251;11.00888826;10.59995448;10.67328174;10.38008235;9.645568035;9.602789225;9.53969255;10.9420811;10.8301694;10.07526843;9.835262564;10.13718511;9.080735439;8.933157579;8.979473442;9.030263755;8.732487334
Cyprus;CYP;4.681356278;4.421643042;4.484997875;4.464367786;4.561978117;4.408623177;4.977944521;5.697877729;5.606500705;5.78090053;6.141841733;6.25585731;6.604723143;6.839128374;7.508258174;6.396157043;6.93999471;6.591786263;7.045854417;6.886173041;7.397832056;7.167688248;7.187885122;7.798570398;7.258454011;7.300729228;7.449694741;7.704846138;7.930294398;7.386876948;6.92787243;6.601579968;6.096342351;5.199799627;5.260461605;5.287370638;5.662572734
Czech Republic;CZE;0;0;0;0;0;0;0;0;0;0;0;0;13.3903072;12.83965002;12.16751705;11.99069327;12.15218607;12.36493548;11.89897316;10.88597501;12.07224051;12.106198;11.73830862;11.9715307;11.45004644;11.76101358;11.9243967;11.97109098;11.23942273;10.31323737;10.76390766;10.28889525;9.832826758;9.702266881;9.231128627;9.468220309;9.673898662
Germany;DEU;0;0;0;0;0;0;0;0;0;0;0;11.62264617;11.06332025;10.81424893;10.62839192;10.57946663;10.8602336;10.5111126;10.42527316;10.01775877;10.09563988;10.3662867;10.0586725;9.971664889;9.888594551;9.673397699;9.914503042;9.496553659;9.490868973;8.797641866;9.267661332;9.091375416;9.177915792;9.398671707;8.895302257;8.900419299;8.840128794
Djibouti;DJI;0.970484177;0.8019854;0.904207688;0.884619682;0.867037587;0.844349209;0.831279533;0.792735505;0.658536217;0.689354171;0.546573667;0.555932002;0.548511188;0.545459543;0.530282824;0.523534712;0.518441585;0.527136487;0.501174935;0.487204543;0.511020313;0.500262614;0.535119193;0.555137229;0.527521277;0.529037834;0.516892934;0.573643834;0.61089865;0.553711361;0.615387087;0.554126048;0.553343025;0.647635609;0.681419523;0.686063241;0.6670057
Dominica;DMA;0.486894867;0.486927193;0.537805154;0.541559819;0.595848397;0.651234273;0.657231881;0.663553353;0.772455342;0.829602817;0.833184226;0.833716998;0.83170787;0.880108992;0.929099278;1.134687333;1.033889703;1.142707404;1.097200256;1.155208706;1.474170854;1.579219362;1.47022352;1.673951498;2.031954193;2.025995552;2.022299839;2.589872166;2.329831844;2.277286136;2.431628996;2.171780698;2.325301205;2.375267545;2.476134206;2.472725229;2.519850786
Denmark;DNK;11.78401383;10.11194239;10.49196453;9.810842233;9.950133216;11.74744309;11.50329653;11.37930503;10.74325063;9.505090019;9.770698699;11.69331148;10.5045545;10.99825503;11.7169489;10.92454083;13.71465193;11.64768852;11.22730415;10.36266364;9.613175554;9.875092348;9.68193193;10.38827349;9.362701019;8.683987178;10.11898393;9.213429503;8.632128791;8.054911965;8.258492419;7.29835805;6.514800847;6.634640099;5.873333894;5.422285595;5.549144642
Dominican Republic;DOM;1.112623746;1.03908163;1.044904965;1.276422372;1.175661316;1.128311358;1.240127956;1.449378471;1.43293925;1.4813911;1.293873521;1.381478401;1.474553011;1.558841009;1.623582732;2.031582325;2.1786862;2.232566223;2.239637803;2.224826127;2.336211672;2.304615367;2.444813767;2.430906034;2.040163268;2.048899025;2.146017882;2.267220596;2.189791897;2.112115223;2.168401096;2.218164291;2.211814203;2.137089301;2.178516992;2.347495156;2.429209493
Algeria;DZA;3.460646099;2.342523351;1.920016191;2.493859764;3.267070323;3.24482431;3.301704728;3.538318126;3.434399506;3.188334948;2.988109843;2.994245635;2.964986363;2.974812411;3.062919622;3.313688067;3.317745825;2.936511706;3.543876554;3.005719449;2.830379965;2.677772173;2.822388898;2.838319656;2.707388281;3.236168271;3.004365149;3.202067336;3.173224552;3.435787368;3.312560602;3.30557127;3.477108092;3.525557358;3.735802777;3.854556576;3.69915599
Ecuador;ECU;1.682677309;2.036215248;2.293674564;2.267481924;2.403764385;2.143304586;1.643988673;1.587355866;1.770430028;2.028399989;1.644802224;1.575351863;2.079173552;2.208269131;1.218079923;1.994005781;2.067063089;1.53627099;1.841248424;1.727676846;1.633810349;1.789962374;1.89830216;2.017035713;2.136325251;2.188925641;2.052671013;2.233048279;2.33000964;2.441287187;2.428931904;2.393286737;2.101982396;2.638983709;2.893262958;2.669044326;2.495570554
Egypt;EGY;1.044579953;1.14816451;1.241194813;1.221776527;1.330844492;1.297999551;1.473543662;1.438892496;1.395745831;1.317447718;1.345700659;1.352889371;1.370058599;1.548598481;1.391815107;1.531180799;1.480830436;1.667412297;1.846565185;1.857246054;2.053217709;1.78826769;1.779303147;2.031736645;2.034616425;2.213982578;2.323117698;2.417069964;2.493673565;2.548036898;2.449400701;2.572041784;2.5468908;2.425236458;2.519807397;2.429419735;2.525862866
Eritrea;ERI;0;0;0;0;0;0;0;0;0;0;0;0;0;0;0.320676334;0.361006741;0.39400236;0.352471029;0.267575434;0.276982933;0.26553732;0.265599089;0.243869752;0.274922116;0.283134477;0.271133872;0.188489157;0.188456938;0.132897934;0.161023039;0.158457436;0.180271017;0;0;0;0;0
Spain;ESP;5.734778954;5.48982234;5.525887108;5.367036187;5.190482538;5.230998485;4.93636136;4.934193197;5.134110769;5.837882861;5.624190007;5.790484006;5.973836221;5.570288803;5.901638793;6.082242269;5.848744212;6.292802734;6.5022035;6.991264687;7.257824346;7.290748328;7.591280782;7.611166445;7.908050681;8.097058048;7.88419571;7.920890716;7.165531607;6.216973378;5.816416366;5.788018458;5.660938803;5.084398353;5.033824487;5.393418949;5.249157873
Estonia;EST;0;0;0;0;0;0;0;0;0;0;0;0;15.57605126;13.05673945;13.02054613;12.19581745;12.96252174;12.93833023;11.76694109;10.90411323;10.63625164;11.21670899;10.79350419;12.49335386;12.68399031;12.36701519;12.00996206;13.69230689;12.72804897;10.72472097;13.35457519;13.63275073;12.96359254;14.66803339;13.82505125;12.43885277;12.60802104
Ethiopia;ETH;0.051861418;0.051869598;0.040044819;0.048357936;0.042281792;0.044651154;0.052778063;0.059580287;0.05972766;0.061100422;0.063020997;0.060168109;0.057689541;0.056832908;0.040603416;0.044931236;0.048574873;0.050264786;0.05150765;0.049069617;0.053600098;0.063861001;0.064460739;0.069101838;0.071325206;0.067051465;0.07012642;0.074681496;0.079959443;0.078301462;0.074478123;0.079165607;0.091865839;0.109142185;0.126763767;0.136045864;0.143524928
Finland;FIN;12.18667255;10.73140319;8.925664185;8.562246655;8.65558094;10.13132618;10.84333288;11.68994386;10.54993985;10.59243558;10.37716896;10.71047721;9.415521088;9.948375064;11.24602792;10.32014335;11.95863616;11.66057821;11.05828449;10.7295164;10.08384283;10.90061426;11.79651071;13.17316796;12.85091118;10.44160191;12.4898655;12.05202658;10.72135652;10.00121318;11.54656566;10.51589155;9.05308174;8.671666999;8.647964154;7.775642295;8.34721998
Fiji;FJI;1.252526731;1.661643787;1.256573592;1.043133668;0.83235853;0.814001616;0.841945678;0.660461662;0.765934461;0.870451591;1.117354061;0.912510318;1.004834318;0.995724294;0.977088827;0.983636071;1.047198701;0.999162395;0.962398629;0.973254471;1.039955315;1.297534785;1.093006254;1.285127856;1.654467757;1.334502997;1.470573882;1.38577596;1.058421195;0.92787918;1.420197065;1.261335643;1.225061816;1.54625997;1.900256563;2.482303682;2.345470364
France;FRA;9.161529158;8.203107304;7.841028004;7.543287697;7.194881769;7.075849582;6.767999746;6.587686527;6.458902178;6.742280767;6.451223276;6.67168905;6.217259025;6.089252757;5.699231509;5.864118291;6.280953607;5.862811599;6.271267469;6.098157837;5.946665463;6.153060599;6.068664472;6.115998108;6.120078568;6.099598855;5.906266386;5.76638535;5.690501857;5.438357063;5.428980862;5.077911102;5.075062341;5.062171964;4.573459729;0;0
Faroe Islands;FRO;9.730830468;10.06380789;10.39210574;10.962754;11.10939832;11.40628723;10.7245624;10.7599301;11.27584881;12.28397575;14.89326057;13.93024194;13.88688248;12.60219167;12.55493283;12.53812603;13.18399649;12.89167176;13.52373308;13.58265139;14.7511715;16.22946145;15.37200686;15.46213527;15.71571429;15.1376514;14.19473971;14.41497125;13.18954412;12.04231509;13.19119923;11.88518077;12.34009155;14.16510064;12.46290659;12.66824832;13.09289436
Micronesia (Federated States of);FSM;0;0;0;0;0;0;0;0;0;0;0;0;0.976526053;0.952788337;0.968367443;0.988970417;0.98173946;1.014103982;1.084429987;1.020680825;1.160853615;1.573922536;1.336195459;1.337807878;1.341270809;1.140225575;1.148427936;1.263950059;1.062457143;1.424423404;0.997716473;1.134306428;1.19302241;1.280884769;1.262764551;1.313310988;1.297581999
Gabon;GAB;9.13306798;8.82901345;8.582718312;7.038782697;7.446818156;7.638955251;5.845299324;4.603330942;4.824199833;6.248553931;4.73877395;4.64865549;4.919427796;4.846468851;4.151693773;4.262043457;4.289871558;4.20246763;4.256005456;4.009364898;3.821159921;3.815653063;3.549402902;3.517111594;3.461695456;3.515238226;2.917903831;2.796489822;2.752894227;2.711227029;2.955473666;2.938589071;2.890121176;2.906039445;2.826459284;2.701741965;2.649976866
United Kingdom;GBR;10.28675704;9.955296648;9.740461658;9.687798405;9.381702909;9.900139784;10.03463939;10.06774667;10.02074396;10.19193063;9.710881678;9.870809033;9.660929998;9.454695828;9.448399895;9.274846236;9.480231059;9.042720853;9.094403914;9.047636069;9.199549233;9.233174987;8.904123108;9.053277839;8.989140127;8.982938536;8.89871022;8.617163681;8.440027735;7.569322681;7.84936515;7.073165082;7.351014938;7.109814294;6.497340931;6.220239615;5.776795985
Georgia;GEO;0;0;0;0;0;0;0;0;0;0;0;0;3.146690058;2.026478386;1.257952315;0.494421093;0.905381906;1.020036493;1.169158925;1.045271664;1.11256641;0.939044777;0.851651433;0.954857055;1.100845101;1.298612238;1.584796154;1.663381913;1.394021592;1.636221401;1.667568685;2.127117929;2.264785831;2.206511985;2.41448868;2.630200823;2.717167113
Ghana;GHA;0.231506797;0.268523035;0.260653947;0.30381653;0.208095982;0.260174412;0.231470925;0.242445905;0.24741067;0.232997176;0.260877597;0.281402362;0.239885479;0.274567984;0.314851868;0.310144312;0.321289122;0.355459117;0.348778536;0.348136138;0.326207375;0.350238104;0.366584428;0.367755038;0.34545677;0.320563088;0.418167076;0.427956066;0.387804781;0.318896741;0.401777969;0.453974817;0.571706967;0.551821465;0.560735246;0.594373807;0.585289432
Gibraltar;GIB;2.927257609;1.716875125;0.741032636;1.243809782;1.127036164;1.509364067;1.386437066;1.637334707;2.389416647;2.387124405;4.906611315;6.823030804;8.137586685;8.312292938;9.872001958;9.585424509;9.746263505;9.975516866;10.28577153;10.45003112;10.73774817;10.90747421;10.85181609;10.9260943;11.6932398;12.032361;12.50974055;12.36300982;12.67534789;13.76558916;13.86657734;13.41904677;13.73244962;14.58441173;15.65746479;17.17411667;18.8040134
Guinea;GIN;0.197974724;0.199229635;0.193567092;0.183510748;0.183819463;0.181650728;0.177180661;0.171298251;0.171627648;0.169452653;0.158172739;0.157118529;0.157795861;0.15790529;0.176588973;0.17755854;0.182765788;0.18521471;0.191262166;0.196216937;0.199353213;0.204325347;0.21012677;0.214915002;0.217742097;0.20046652;0.203297045;0.206886477;0.224791637;0.227060669;0.255447904;0.266742837;0.242354579;0.211075838;0.213752571;0.236402921;0.255224608
Gambia;GMB;0.247441333;0.2397902;0.237936745;0.230431634;0.237495418;0.228039117;0.203941872;0.216219046;0.209916148;0.196238676;0.207220019;0.199479587;0.192722937;0.197027512;0.191022398;0.191704583;0.189005842;0.186324161;0.195474609;0.215345622;0.208715469;0.2210865;0.21412971;0.207385899;0.215629922;0.211410463;0.221202743;0.214673555;0.217074088;0.219141873;0.241304353;0.242066243;0.238690485;0.220351162;0.253640982;0.251397985;0.247408381
Guinea-Bissau;GNB;0.187647839;0.180161148;0.176471024;0.172261858;0.189536649;0.197610997;0.20542911;0.212928127;0.23187842;0.242213695;0.176720898;0.176453251;0.176099378;0.175719722;0.171942315;0.168388048;0.165056314;0.178086728;0.149301221;0.165105668;0.122100956;0.122521608;0.122773831;0.151445681;0.153548708;0.158139085;0.157052834;0.163665577;0.15712789;0.158153972;0.156544829;0.157191765;0.157648792;0.155734209;0.160335469;0.160425788;0.164583657
Equatorial Guinea;GNQ;0.23475467;0.263539531;0.257667849;0.20226407;0.243322314;0.187454206;0.2186151;0.258521963;0.269249369;0.288583936;0.148713704;0.152490568;0.14757661;0.150599714;0.160733295;0.169779454;0.2488015;0.567350781;0.328294765;0.838322705;0.756168537;6.861844709;9.652286508;11.20397458;9.84585375;10.048921;10.4284496;9.572641407;7.467416709;7.516219517;7.305717547;9.523729471;6.774336665;7.154038459;6.512062095;5.158919293;4.653235449
Greece;GRC;5.333642555;5.213292152;5.326966418;5.640921404;5.765561878;6.100162266;5.93248835;6.346832663;6.773932665;7.352537262;7.284521642;7.176639815;7.260257729;7.238006236;7.410792356;7.458879643;7.563654136;7.852506913;8.185367878;8.050452819;8.47843382;8.636014274;8.591970187;8.760745127;8.867967195;8.980839448;8.827796219;8.892293442;8.662824281;8.277892345;7.540183868;7.189762915;7.247671369;6.335945747;6.19952668;6.01244039;5.793848369
Grenada;GRD;0.535436697;0.647543788;0.669433646;0.649236089;0.633031063;0.623726812;0.658801689;0.737559837;0.971687729;1.059345467;1.103933313;1.140472735;1.207677662;1.231914894;1.439457686;1.499152441;1.524875991;1.660795337;1.725291852;1.897366057;1.854307469;1.882352371;1.981511859;2.080217297;1.967972246;2.067178796;2.201604834;2.265947333;2.39932294;2.391770411;2.450810953;2.369217948;2.525529103;2.81372839;2.155038475;2.375541748;2.427794052
Greenland;GRL;11.24936255;10.35388235;10.03974757;6.968003839;10.78529412;9.581071429;6.100242991;4.338040665;9.970492701;8.554122966;6.265557554;6.276846847;5.901681736;5.845942029;5.351837838;5.783082437;6.494329159;6.875625;6.405811052;6.667272727;8.09088968;7.223371783;6.672101609;7.558160839;10.24499657;10.69152542;11.04479163;11.28207939;11.71815083;10.2217389;11.66377295;12.44034101;10.00501672;9.803250536;8.989181988;9.083526393;9.071886235
Guatemala;GTM;0.654598477;0.561107288;0.499357535;0.426030524;0.446071983;0.446977651;0.456513148;0.479254591;0.481580154;0.482215354;0.561996063;0.543533086;0.630502129;0.577918618;0.68133898;0.696555562;0.631296822;0.704279667;0.792409798;0.789415916;0.855545511;0.875392419;0.896259055;0.855364181;0.896935588;0.952129748;0.938859546;0.919945935;0.811905615;0.828992678;0.799505838;0.795696386;0.80400444;0.858738189;0.911580226;1.017131099;1.059947788
Guam;GUM;0;0;0;0;0;0;0;0;0;0;0;0;0;0;0;0;0;0;0;0;0;0;0;0;0;0;0;0;0;0;0;0;0;0;0;0;0
Guyana;GUY;2.293775708;2.303215168;1.797719284;1.600594648;1.811695792;1.841984074;1.367127305;1.728328545;1.871020557;1.588606262;1.534270404;1.507241354;1.400960724;1.390665443;1.826503236;1.921910281;1.995462641;2.099658298;2.198902064;2.240288445;2.15586;2.140542347;2.122046647;2.1013537;2.183273728;1.92647451;1.729478269;2.092694454;2.086823144;2.094117033;2.29482304;2.369808039;2.640787187;2.549999012;2.632392779;2.628050433;3.090037673
Hong Kong;HKG;3.291036717;3.605876259;3.742575933;3.931746272;4.139887364;4.217970749;4.651619303;5.066314846;5.238943777;5.337148183;4.791623806;4.979010779;5.705486596;5.925240637;5.183281473;5.112034242;4.525415896;4.731448847;5.975399392;6.465887081;6.067468267;5.65317561;5.877226465;6.441820883;6.148515958;6.439263195;6.133325021;6.321536226;6.178951393;5.986852914;5.732656673;6.132927343;6.011231591;6.205228656;6.3281682;5.849054352;5.948891039
Honduras;HND;0.559279761;0.480500375;0.451032823;0.496656062;0.478358838;0.445402544;0.419060153;0.478738122;0.535503132;0.5666494;0.523190812;0.529344676;0.586616185;0.528187131;0.601368545;0.679571989;0.674125746;0.687824187;0.747500404;0.741178534;0.765247108;0.846158244;0.879009101;0.952572211;1.011540648;1.01274101;0.998130542;1.124259174;1.086643766;0.96592643;0.97434316;1.036450889;1.060544;1.070277152;1.061742673;1.099345588;1.058473626
Croatia;HRV;0;0;0;0;0;0;0;0;0;0;0;0;3.587808562;3.641123948;3.54480093;3.676500802;3.720835435;4.16921401;4.446873714;4.430372134;4.328211925;4.743616794;4.991418757;5.341070163;5.198168006;5.241676788;5.24384626;5.528298459;5.242211938;4.916384236;4.696195978;4.652472701;4.228485471;4.136016518;3.988513088;4.118348684;4.189377314
Haiti;HTI;0.133211404;0.132748036;0.139601237;0.147852592;0.147397762;0.148710494;0.130185176;0.137954119;0.151384913;0.150449095;0.143284583;0.138433125;0.123243782;0.092895308;0.024117638;0.113165816;0.12924898;0.168036613;0.150722964;0.157804665;0.158571924;0.182310256;0.208605747;0.194884352;0.219685761;0.225715823;0.226028956;0.251795831;0.248608108;0.231665885;0.21376934;0.207306006;0.214634184;0.22176863;0.266273568;0.2742825;0.274687476
Hungary;HUN;8.109349235;8.08620576;8.114608938;8.338813278;8.516383853;8.085937427;7.85827798;7.956129524;7.38591771;7.259329314;6.713650623;6.418858426;5.824428958;5.978002173;5.684133533;5.844711547;6.019061436;5.916811704;5.762720948;5.743606612;5.467296695;5.592875675;5.518941473;5.82981044;5.684910755;5.751848927;5.697822938;5.566989532;5.458021607;4.840111448;5.022311649;4.872551164;4.556968385;4.276339668;4.190127409;4.512673437;4.639973434
Indonesia;IDN;0.642834907;0.663585605;0.682392202;0.664245142;0.694540654;0.734900514;0.723036368;0.718523953;0.755317196;0.734905615;0.824448069;0.973664977;1.079025844;1.14539966;1.141792274;1.142214229;1.267079215;1.373879011;1.041200125;1.159977954;1.24539825;1.375325404;1.411208735;1.437941508;1.512122784;1.511302112;1.504981339;1.616120599;1.769060263;1.870838684;1.772951392;2.080522126;2.131724694;1.648142071;1.450032294;1.984452414;2.153758127
Isle of Man;IMN;0;0;0;0;0;0;0;0;0;0;0;0;0;0;0;0;0;0;0;0;0;0;0;0;0;0;0;0;0;0;0;0;0;0;0;0;0
India;IND;0.449266662;0.473644453;0.477490558;0.50527683;0.506132025;0.543976976;0.570556174;0.595939656;0.629950482;0.676937711;0.709000751;0.738482682;0.768813909;0.780347321;0.80872395;0.841937014;0.898163092;0.916859884;0.918329424;0.959258891;0.976601686;0.968514319;0.964275366;0.989271008;1.021862866;1.06531244;1.118603899;1.189651807;1.306253903;1.427780473;1.393273291;1.468910262;1.590942831;1.585648401;1.723311783;1.784333765;1.817783386
Ireland;IRL;7.693307548;7.541085143;7.329160881;7.323345582;7.22723581;7.553554723;8.058782831;8.530299088;8.465951139;8.549696683;8.883722816;8.884672638;8.721211602;8.74130132;9.100127396;9.135896261;9.596172382;9.911617342;10.3845933;10.69399161;10.83474264;11.38823116;11.04125081;10.6811767;10.75163663;10.44852153;10.09594086;10.10918284;9.596427388;8.925394923;8.784418074;7.780622801;7.737358336;7.542075636;7.300555849;7.636663628;7.930340975
Iran;IRN;3.12807815;2.808454229;3.296156276;3.432557428;3.31316138;3.395526273;3.012567089;3.117042066;3.318084489;3.48773674;3.733864169;3.942536052;3.886820855;3.971862239;4.377417978;4.442225096;4.431486452;4.265270974;4.822565621;5.900224735;5.672323312;5.996135584;5.971039683;6.142390732;6.483369555;6.720066557;7.21905887;7.27992527;7.509406008;7.600675899;7.768594359;7.89249315;8.098531382;8.100277761;8.421686716;8.282075184;8.316701233
Iraq;IRQ;3.336821707;2.287286556;2.12182123;2.615421754;2.646737843;2.871923077;3.001407186;3.252849806;4.088983346;4.310221602;2.865121203;2.551399067;3.212133588;3.342749083;3.650796342;3.689869364;3.344098873;3.186111627;3.272626014;3.170059693;3.083093518;3.525341062;3.499928425;3.553105717;4.33551491;4.216692239;3.59844793;2.22690329;3.281546097;3.608379714;3.772295829;4.453347502;4.843106075;4.994796612;4.842168931;4.702368286;5.191404781
Iceland;ISL;8.181464727;7.596047756;6.8366202;6.530059879;7.578628956;6.744466767;7.343650794;7.532101733;7.400368383;7.526825969;7.842665191;6.856146503;6.967183412;7.49459854;7.553975062;7.280037238;8.222645733;7.763336874;7.667265104;7.456127132;7.693782116;7.373427894;7.550227286;7.485457013;7.683682902;7.513584557;7.568614994;7.414833454;6.677481144;6.447492771;6.168528586;5.896828979;5.842667656;5.866946294;6.059657407;6.007931926;6.154683862
Israel;ISR;5.453220474;5.362384985;5.97399876;5.831467966;5.709022602;5.875169856;6.193553617;6.268060426;6.765210491;7.028822488;7.788833906;7.426619721;8.352571345;8.567717924;8.964758844;9.215445446;9.328559382;9.575293523;9.562081728;9.092962612;9.581779456;9.876810219;9.103871689;9.400877468;8.667993097;8.218088772;8.856488368;8.78433448;9.340093039;8.612472881;9.035223254;8.901888279;9.547967764;8.193932998;7.653847633;7.900584122;7.625351861
Italy;ITA;6.892484981;6.690421638;6.537992115;6.388587127;6.498251684;6.575619372;6.47489765;6.778406129;6.883012515;7.215357675;7.361704582;7.468379928;7.404168932;7.248012993;7.16667249;7.573033273;7.48906561;7.566965198;7.734648761;7.765755082;7.912673166;7.904432663;7.932323042;8.17175128;8.216487201;8.166090128;8.072145596;7.917347216;7.60176497;6.795651486;6.83837457;6.702557614;6.205413858;5.732941879;5.270866786;0;0
Jamaica;JAM;3.90801518;3.375029871;2.783828703;2.839349731;2.230695822;2.160466879;1.929786389;2.266217001;1.895339479;2.799686203;3.112525032;3.179435452;3.134991623;3.221895764;3.26648248;3.622552454;3.792207335;3.921149527;3.724807608;3.790026114;3.88289943;3.969027204;3.803386753;3.937092097;3.915930738;3.831609308;4.17369147;3.486543553;3.597300167;2.718932112;2.548213104;2.735396395;2.593359492;2.798953654;2.536806259;2.619266688;2.830147084
Jordan;JOR;1.987709394;2.378843564;2.454647374;2.75634505;3.000013288;2.944930586;3.078028746;3.085304726;2.860130236;2.716272324;2.98222884;2.666025439;3.083742199;2.880147945;3.091337009;2.954317461;2.99768871;2.973810885;2.941625312;2.895405427;3.02738198;3.067233546;3.175649449;3.214849384;3.44801213;3.65260392;3.52529066;3.522624567;3.256210728;3.175854385;2.916818597;2.827604409;3.021209828;2.871050605;2.978804489;2.827443257;2.628700806
Japan;JPN;8.114017015;7.901592054;7.599902312;7.411085746;7.833248279;7.580675398;7.53411367;7.418518417;8.066694192;8.329948098;8.842659551;8.864025056;9.039672009;8.894836513;9.392973504;9.435087309;9.582394674;9.53044157;9.168631432;9.457269768;9.612522307;9.448215888;9.564757134;9.716352722;9.880903296;9.712112911;9.657546162;9.777692627;9.462190352;8.632099729;9.156018256;9.312693499;9.634347264;9.76591055;9.480766374;9.153641422;8.944372824
Kazakhstan;KAZ;0;0;0;0;0;0;0;0;0;0;0;0;15.9402826;13.32616034;12.42504128;10.69613331;9.08564399;8.442824802;8.447971111;7.803452018;7.934854181;8.873851074;9.000333671;9.538517359;11.52689249;11.7071662;12.58362425;14.35971247;14.85305787;13.25676292;15.22798733;15.64629686;14.46941789;15.42931652;14.36783614;13.80005416;13.89268146
Kenya;KEN;0.377484049;0.382519188;0.264641054;0.252865529;0.225615573;0.189649356;0.201819997;0.241984375;0.216176403;0.226398569;0.245449919;0.197394121;0.218779907;0.242865188;0.24328279;0.272037578;0.326303852;0.280987008;0.331782383;0.327095324;0.325921833;0.285223579;0.236088309;0.194776581;0.21393672;0.233787564;0.254310303;0.25399794;0.257386809;0.302043563;0.28965606;0.311682104;0.282818574;0.292909589;0.309143145;0.35545402;0.36511748
Kyrgyzstan;KGZ;0;0;0;0;0;0;0;0;0;0;0;0;2.465564955;1.890047158;1.366059223;0.993058723;1.230414614;1.194640576;1.248733068;0.965159491;0.946245305;0.787517745;0.993404532;1.078294172;1.150808862;1.083209042;1.055464127;1.258434439;1.440269803;1.261546635;1.171873015;1.388440866;1.806948388;1.720789566;1.76327684;1.75381205;1.609873016
Cambodia;KHM;0.042730219;0.044548269;0.048753425;0.051143676;0.055143946;0.054185937;0.05435357;0.05322867;0.053466774;0.051895486;0.140541961;0.140532886;0.140219406;0.139019468;0.14322693;0.145563149;0.147242031;0.136312463;0.168168842;0.159495705;0.162605853;0.181496489;0.174678089;0.185116119;0.187188214;0.209134707;0.222560526;0.253313204;0.280759695;0.332001098;0.358188238;0.358846655;0.369169716;0.37289047;0.437653585;0.555905459;0.629141866
Kiribati;KIR;0.494696548;0.488087315;0.421584246;0.356405812;0.350663012;0.343856469;0.279902298;0.327177016;0.3184588;0.310530253;0.303895028;0.298567009;0.343324506;0.387447831;0.382626842;0.377442971;0.371798284;0.365844838;0.359703762;0.353565058;0.391049339;0.341716269;0.462023939;0.495345303;0.526757202;0.635494178;0.699638553;0.607829934;0.668340742;0.54498167;0.570035073;0.525217707;0.482636082;0.4758365;0.536351254;0.561967006;0.58659486
St. Kitts and Nevis;KNA;1.188352121;1.280287689;1.544614233;1.208607011;1.216597943;1.226011367;1.414498903;1.340245121;1.624443187;1.635674283;2.641405862;2.633490998;2.703546239;2.763107362;2.907660147;3.050241224;3.108212469;3.336981123;3.478241758;3.698775847;3.90964771;3.946370118;4.384032944;4.328356904;4.591369298;4.226457782;4.260980711;4.529150704;4.49070115;4.602707875;4.489196303;4.672565835;4.410897937;4.444583532;4.549806995;4.583391923;4.616688295
Korea. South;KOR;3.537650534;3.60873747;3.608409089;3.781078933;4.056610689;4.370304926;4.426967249;4.628848877;5.280829355;5.555998042;5.760374252;6.039462229;6.498142885;7.284858219;7.706677234;8.311071381;8.869490025;9.35798162;7.882070871;8.577710247;9.52093176;9.503744234;9.77299975;9.734649494;10.03018386;9.607193744;9.716605676;10.18156704;10.34742286;10.32010949;11.43631663;11.80296873;11.63282456;11.74920084;11.57034541;11.70939764;12.11106978
Kuwait;KWT;18.02853632;17.5180636;14.04149584;13.70327806;17.17030052;16.80425339;19.27651107;16.23087726;16.17557991;17.1471982;18.0922302;7.352789057;0;0;0;34.13762741;30.82849876;32.11253695;28.258697;27.68049165;26.18923263;27.40553716;27.24771864;27.72100585;28.8728348;31.51568145;31.07802552;30.0460336;31.14868474;30.94737447;29.95609021;27.35382032;30.01509382;26.8891593;23.94268372;24.24244895;24.95251303
Laos;LAO;0.057399857;0.045239375;0.046360525;0.051486531;0.051124887;0.055682668;0.055089112;0.054457654;0.052896294;0.055817746;0.120554978;0.12476674;0.132001704;0.131759606;0.133955186;0.1384635;0.153310261;0.158288344;0.161089624;0.163200484;0.181844957;0.197938399;0.216285235;0.222914336;0.230555289;0.237169827;0.307356698;0.315815042;0.359627527;0.452662816;0.502886226;0.523975407;0.555922464;0.639635002;0.685930929;1.341977291;2.594704584
Lebanon;LBN;2.386660662;2.448151372;2.345572895;2.791430594;2.673046496;3.037863571;2.916101188;2.986698076;2.853366981;2.953570223;2.930414221;2.901764928;3.367630193;3.594559792;3.726953417;3.841205312;3.801399742;4.267981513;4.499459594;4.392260082;3.96780298;4.05198345;3.82639971;4.142988236;3.676326844;3.449448291;3.037758682;2.823701625;3.615635351;4.336682162;4.047494872;3.934610617;4.086336812;3.817892305;3.843598231;3.745767203;3.694800615
Liberia;LBR;1.102276253;1.010953052;0.302283558;0.345804328;0.331679035;0.336664408;0.338085246;0.355917571;0.383178928;0.316836393;0.227872376;0.181540081;0.194193315;0.215193107;0.212286175;0.208040355;0.20197984;0.195472276;0.192273149;0.145337355;0.1506216;0.153933391;0.145480802;0.152540511;0.177757027;0.208526044;0.20707489;0.186426514;0.151442406;0.128936295;0.197892457;0.214500865;0.236743165;0.211474663;0.280944282;0.277142723;0.302199709
Libya;LBY;8.356907326;8.606183917;8.838635132;8.41402898;7.63991977;8.110643322;8.526290887;7.924283742;8.624350958;8.621679816;8.290020355;9.432500074;8.01146169;8.190561021;9.090315405;9.299399571;8.768172089;8.787747848;8.750508392;8.457293753;8.793313638;8.836642938;8.647907853;8.747749285;8.819186138;8.986297415;9.0490347;8.361671805;9.245049472;9.452084811;9.997526326;6.355021474;8.381464264;8.902413296;9.350737979;8.88024053;7.788506729
St. Lucia;LCA;0.964819813;0.798308633;0.93957252;0.837733755;0.914596273;1.016642375;1.027738636;1.12092682;1.237300082;1.215239933;1.169018983;1.204914461;1.06057421;1.610924001;1.769263111;2.097283312;2.168160501;2.016797758;1.917122486;2.152953321;2.222722023;2.202346708;1.817487703;2.238622064;2.198169526;2.243952588;2.217304285;2.296810408;2.329472799;2.235702963;2.317086481;2.318717814;2.304252573;2.292998259;2.282928389;2.292821813;2.301754211
Liechtenstein;LIE;0;0;0;0;0;0;0;0;0;0;0;0;0;0;0;0;0;0;0;0;0;0;0;0;0;0;0;1.978391118;1.964224296;1.539591905;1.630049453;1.414542749;1.502253175;1.489278172;1.280686672;1.370109421;1.363269425
Sri Lanka;LKA;0.226812161;0.264109516;0.290261849;0.310623365;0.243493505;0.244598449;0.225711611;0.24477582;0.206834039;0.203641802;0.223290759;0.238183026;0.292337505;0.281292875;0.305406396;0.323625417;0.384522854;0.412343687;0.421521521;0.46173278;0.545238127;0.552229542;0.579987695;0.576258098;0.634395262;0.619140825;0.608064532;0.622623506;0.610861328;0.65473331;0.654610165;0.742076616;0.786362791;0.724493029;0.862657426;0.959155699;1.101846767
Lesotho;LSO;0;0;0;0;0;0;0;0;0;0;0.865230577;0.877535022;0.890885016;0.897513824;0.900337072;0.900044138;0.898602123;0.899960062;0.903203779;0.90416298;0.910975677;0.922271017;0.939409182;0.957470664;0.988986211;1.008551115;1.02458015;1.044591584;1.070318032;1.114768324;1.141124815;1.162072116;1.190188537;1.194904756;1.18977047;1.139803819;1.210551224
Lithuania;LTU;0;0;0;0;0;0;0;0;0;0;0;0;5.985945298;4.750772617;4.746758126;4.46514675;4.367884612;4.290482015;4.563434349;3.885259168;3.475729068;3.712622788;3.817099115;3.754816757;3.922093528;4.184042091;4.329871871;4.693696086;4.69291649;3.958100057;4.348616303;4.553301311;4.629509672;4.273657237;4.378090123;4.504048662;4.519456418
Luxembourg;LUX;30.28056845;25.81383257;24.23766363;22.67666333;24.39670435;24.99959095;24.45960826;23.38176129;23.90988084;25.613572;26.19765877;27.43143411;26.95725378;27.14211963;25.29153813;20.35302784;20.37000905;18.92729765;17.32046621;17.85476973;18.88551226;19.93273314;21.1057455;21.93071098;24.5990264;24.82464668;24.01285765;22.95728271;22.38547222;20.87712517;21.6351358;21.01807669;19.95299522;18.49831971;17.36871291;16.24258432;15.44261306
Latvia;LVA;0;0;0;0;0;0;0;0;0;0;0;0;5.410019286;4.688021644;4.329277649;3.799723226;3.723377456;3.475799381;3.345920924;2.836366473;2.682622965;2.988928918;2.992111413;3.221510038;3.271442282;3.352846325;3.611860039;3.779785259;3.629405756;3.376490018;3.849593455;3.541113332;3.471747548;3.518240904;3.474283046;3.543636572;3.574298418
Macao SAR. China;MAC;2.218027395;2.199841396;1.927248983;2.613955414;2.225137725;2.586921479;2.964951572;3.153205919;3.006552921;3.096393145;3.007765962;3.090174365;2.985736011;3.189565612;3.368067062;3.1960323;3.579625445;3.709467002;3.804721984;3.628584335;3.814594817;3.851732437;3.382502156;3.330992144;3.639030783;3.789588243;3.282335525;2.703853831;2.19917941;3.594551672;2.29605235;2.742767305;2.385985721;2.203863367;2.671617464;3.471586238;3.37478216
St. Martin;MAF;0;0;0;0;0;0;0;0;0;0;0;0;0;0;0;0;0;0;0;0;0;0;0;0;0;0;0;0;0;0;0;0;0;0;0;0;0
Morocco;MAR;0.797604123;0.774234798;0.812946849;0.827907876;0.809643005;0.794059143;0.821632191;0.857975254;0.885930658;0.94100462;0.930369177;0.964785916;0.995070398;1.057540291;1.092328125;1.100606018;1.115092633;1.127003909;1.119911024;1.146279443;1.177518232;1.294879753;1.29874199;1.261163325;1.438174638;1.502894463;1.539548743;1.613007427;1.677409361;1.643708259;1.730134712;1.729589819;1.78309277;1.749552115;1.751330788;1.767614953;1.744435849
Monaco;MCO;0;0;0;0;0;0;0;0;0;0;0;0;0;0;0;0;0;0;0;0;0;0;0;0;0;0;0;0;0;0;0;0;0;0;0;0;0
Moldova;MDA;0;0;0;0;0;0;0;0;0;0;0;0;7.009736558;5.214760013;4.090970243;3.790826632;3.910436495;2.418413885;2.13696168;1.537025021;1.201520769;1.273345943;1.369532218;1.478262218;1.573120121;1.695033536;1.734128215;1.628400075;1.666025445;1.588756037;1.723619573;1.755390262;1.722277788;1.748394371;1.725073242;1.743892638;1.825536995
Madagascar;MDG;0.185525976;0.114448837;0.110000521;0.068677052;0.088854961;0.104943263;0.110164585;0.120881549;0.11785404;0.082655628;0.080620277;0.085051863;0.080188282;0.07984657;0.09569838;0.095788177;0.096800633;0.113476761;0.115887651;0.119253819;0.118846962;0.107117169;0.073711326;0.098470636;0.101546442;0.094991068;0.089148783;0.093403772;0.094441905;0.08610778;0.09257807;0.110462134;0.123892669;0.138143811;0.139903171;0.150407888;0.156876974
Maldives;MDV;0.278027699;0.29098911;0.28066364;0.291289349;0.320875034;0.348248627;0.411048384;0.39735406;0.454474819;0.575853309;0.772318268;0.670351816;0.977804584;0.816215659;0.796571033;0.981179591;1.117716054;1.250862258;1.12009089;1.541730798;1.614331527;1.61380481;2.019314311;1.671867928;2.144134419;1.881642512;2.317859946;2.3303796;2.455685219;2.500713077;2.556735223;2.592472963;2.797073284;2.629413874;3.026224383;2.861600519;3.03839853
Mexico;MEX;3.961751778;4.099403604;4.289944895;3.829532781;3.73389481;3.796893825;3.795908929;3.880765463;3.800867772;4.393378554;3.793373018;3.881986429;3.84378479;3.830377124;3.912978646;3.630863982;3.719042582;3.908311625;4.050613546;4.016948975;4.028144635;4.117498953;4.075235494;4.270511506;4.2224472;4.399422979;4.455657766;4.401555404;4.451117906;4.232033444;4.069560416;4.187104495;4.232175308;4.126499656;4.000652984;3.963191128;3.943827403
Marshall Islands;MHL;0;0;0;0;0;0;0;0;0;0;1.008461848;1.060614825;1.563752665;1.692540788;1.67959773;1.744217849;1.741594602;1.744459861;1.820537771;1.745393967;1.950800938;1.996732916;2.100630132;1.989355732;2.15404949;2.057204387;2.169939211;2.224367094;2.284775875;2.34688;2.407107121;2.464948435;2.392210448;2.447328673;2.501145525;2.489823987;2.477058976
North Macedonia;MKD;0;0;0;0;0;0;0;0;0;0;0;0;5.550308022;5.128922072;5.197854068;5.391635556;5.902020817;5.318218962;6.274912192;5.79106587;5.928994176;5.873397943;5.336934241;5.507394958;5.440652819;5.47485309;5.30197113;4.596564099;4.548023449;4.203943957;4.154446162;4.490665563;4.249897073;3.78522514;3.628569985;3.414233829;3.388998171
Mali;MLI;0.055340201;0.054740966;0.049630055;0.055404745;0.056709711;0.051971753;0.047953536;0.044574081;0.047119129;0.050384751;0.0503404;0.050532295;0.050963161;0.050845499;0.050281953;0.049349064;0.050321873;0.052674422;0.074327056;0.075455964;0.076043775;0.074500781;0.073864711;0.071609767;0.072041067;0.071758354;0.081930927;0.095090021;0.110423814;0.122472839;0.131335414;0.139214949;0.143884924;0.164068955;0.176050093;0.18168062;0.176967052
Malta;MLT;3.231041071;3.586735302;4.028211281;3.01770522;4.126294265;3.563982381;4.340964162;5.386307096;5.79625135;6.189700104;6.346870147;5.91606041;5.76556643;7.367420039;6.545471282;5.897607169;5.733533383;6.389619923;5.567784535;6.055245654;5.424069502;6.325824114;5.806537886;6.476880542;6.415248662;6.683221324;6.351303206;6.698844917;6.252313871;6.009770242;6.174949579;6.122413926;6.38190073;5.509534776;5.400613957;3.641844904;2.947412574
Myanmar;MMR;0.161469099;0.161246898;0.156698561;0.158269118;0.176449908;0.176701551;0.175492258;0.126283542;0.10273105;0.109565008;0.103440218;0.099793754;0.115281058;0.124570267;0.143946693;0.158535596;0.163253833;0.166543989;0.177114337;0.194224184;0.215924263;0.18472781;0.19302763;0.204488464;0.256047135;0.236875833;0.26070104;0.259460989;0.196460952;0.203818034;0.260019433;0.297009754;0.233869445;0.252328593;0.312686183;0.423286251;0.476580079
Montenegro;MNE;0;0;0;0;0;0;0;0;0;0;0;0;0;0;0;0;0;0;0;0;0;0;0;0;0;3.34904381;3.35680826;3.3402671;4.225880069;2.722253491;3.913105317;3.885342029;3.568908203;3.465075249;3.390947396;3.601228946;3.240945327
Mongolia;MNG;4.071497649;3.833112101;3.803704393;3.837524462;3.447323752;4.697561399;4.894751329;5.20651154;5.548629359;4.936123168;4.573372189;5.482518958;4.911682442;4.10255454;3.484526277;3.446758514;3.471398638;3.300047865;3.272127944;3.179000305;3.131013866;3.258426641;3.391936466;3.254423472;3.425522685;3.389155977;3.671505548;4.651220979;4.574174607;4.900220884;5.081415981;7.76058183;12.41720091;15.13860091;10.07889064;7.765857501;8.300172198
Northern Mariana Islands;MNP;0;0;0;0;0;0;0;0;0;0;0;0;0;0;0;0;0;0;0;0;0;0;0;0;0;0;0;0;0;0;0;0;0;0;0;0;0
Mozambique;MOZ;0.275887487;0.209004836;0.208471509;0.158886721;0.121593771;0.08991979;0.076726514;0.076859782;0.079329939;0.081323785;0.078776469;0.076762496;0.072776903;0.075019278;0.07114173;0.071998153;0.069386174;0.072681692;0.067390653;0.06889904;0.076189113;0.086735085;0.084619371;0.099210133;0.096507018;0.088928744;0.093935942;0.10439284;0.101730354;0.110515923;0.116251552;0.133262831;0.125514265;0.164407778;0.320857023;0.239883238;0.285402032
Mauritania;MRT;0.409390902;0.418361127;0.540964049;0.558161991;0.504262344;0.368753897;0.204426469;1.747896942;1.673524541;1.437640869;0.445228589;0.440831319;0.45181913;0.447005547;0.507247122;0.464391886;0.469791197;0.459587444;0.449521195;0.448070628;0.446137755;0.470858866;0.485747988;0.486426674;0.52274375;0.525036092;0.517307721;0.575953539;0.587389624;0.625681431;0.640167478;0.665402951;0.714295273;0.626296728;0.746292957;0.715038995;0.657914406
Mauritius;MUS;0.611141993;0.553530886;0.506164605;0.59671196;0.619486258;0.693494936;0.777360068;0.898980969;0.818998331;1.001111999;1.381911171;1.421894183;1.575762997;1.617341034;1.459753641;1.630203206;1.720327056;1.740436164;1.870755528;2.065534045;2.267789393;2.39401331;2.395715333;2.523504784;2.53175545;2.683999401;2.94193012;2.97588958;3.029991456;2.97492202;3.132082534;3.129998786;3.15928885;3.233909584;3.338569663;3.337055532;3.442148744
Malawi;MWI;0.113815667;0.094357262;0.090474468;0.085444567;0.080030934;0.076687331;0.072226554;0.06711377;0.062838425;0.062223957;0.079543623;0.082886414;0.08215375;0.091766285;0.094067224;0.093496363;0.091100691;0.093953223;0.088614011;0.086486471;0.078939735;0.070889346;0.073254449;0.07670026;0.075117556;0.073189253;0.072358084;0.074209594;0.081204613;0.079423109;0.072131361;0.078182345;0.075502639;0.07501028;0.064607656;0.068761849;0.075448776
Malaysia;MYS;2.029089182;2.18088832;2.112592996;2.562298305;2.283864758;2.323063247;2.492248717;2.467157245;2.509872513;2.845702093;3.138844339;3.703642998;3.962508083;4.707372397;4.705838018;5.912452879;5.965222121;5.788721943;5.163395864;4.762943323;5.420915014;5.720175769;5.636436969;6.40746098;6.823151064;7.130568129;6.873850854;6.91670063;7.491255509;7.170571162;7.781705461;7.692763993;7.523944464;8.025773738;8.125176355;7.757390697;8.091591623
North America;NAC;20.52015764;19.52572772;18.38507209;18.3285222;18.74358519;18.63023766;18.40446888;19.04917861;19.71344429;19.76671619;18.96030949;18.67160302;18.77904801;18.96606255;19.00069013;18.94563793;19.16664459;19.37898133;19.30297909;19.45241442;19.90535096;19.37732516;19.31119509;19.35695473;19.42680916;19.37541356;18.94149935;19.03617654;18.30597337;17.02423401;17.24970193;16.74544201;16.0640493;16.2044517;16.29909034;15.92830624;15.45968067
Namibia;NAM;0;0;0;0;0;0;0;0;0;0;0.028150505;0.715324156;0.759044087;0.893699509;0.995176596;1.002426491;1.051570359;1.058183827;1.092705812;0.94384982;0.915436614;1.10592804;0.950655217;0.99719017;1.028358088;1.191862025;1.183073042;1.176940704;1.627668966;1.47487463;1.464118206;1.312617743;1.542129431;1.177178074;1.645240892;1.72348227;1.793035405
New Caledonia;NCL;14.29619422;9.768384157;8.68301304;7.768022865;7.955443455;9.425697637;8.925713378;9.093246106;9.209514207;9.865205095;9.269474953;10.07911634;8.810638546;9.957760602;10.45049134;10.70872374;11.11808325;9.084754093;8.824565591;9.832931831;10.47321202;8.689813366;10.86077024;12.15844489;11.06111475;12.15754575;11.5415228;12.30763218;11.8129516;12.00217524;14.3302983;13.99904462;14.11582625;14.64574625;18.23581794;17.44651982;19.26650154
Niger;NER;0.095517051;0.111252729;0.117926269;0.147721555;0.147895714;0.144219843;0.12671679;0.136594186;0.131164972;0.133855425;0.075381317;0.069015598;0.06206715;0.06828842;0.063594367;0.059504833;0.065678071;0.063769521;0.06641531;0.062738714;0.061485813;0.055856745;0.057456766;0.060015019;0.062020357;0.052483888;0.049000595;0.049191649;0.053138279;0.061104581;0.071272972;0.077776196;0.099118183;0.102454219;0.106730938;0.10138412;0.097016004
Nigeria;NGA;0.928241483;0.874309254;0.84727766;0.754642092;0.854836013;0.836413243;0.85703744;0.673985093;0.782645267;0.457406622;0.411674765;0.432826876;0.465396447;0.439501188;0.334298567;0.31201403;0.334795082;0.363798715;0.326915997;0.334168497;0.64704259;0.693955676;0.735532537;0.760558295;0.731582104;0.764190406;0.689210721;0.648277791;0.63876777;0.49298093;0.72017502;0.808854639;0.711652786;0.723832436;0.737682613;0.640003154;0.647284835
Nicaragua;NIC;0.620988884;0.637332968;0.612383119;0.564040847;0.508330277;0.533208135;0.59180279;0.623723838;0.562596029;0.361943718;0.610663784;0.470021567;0.548641177;0.516050991;0.557409005;0.597479679;0.606323043;0.650960993;0.696712877;0.726634729;0.742181468;0.770407197;0.773541536;0.833579486;0.824999557;0.794258544;0.81071185;0.823918906;0.780318493;0.783753481;0.778851026;0.82744566;0.771706299;0.730078777;0.761728045;0.85675918;0.887087256
Netherlands;NLD;12.54494544;11.57815117;9.384833319;9.623180022;10.05639192;10.20925607;9.956978312;10.40360157;9.953506258;10.98402906;10.92434905;11.21649839;11.00667577;11.21489823;11.15558774;11.54894623;11.91512474;11.42454318;11.36201575;11.02273843;10.91567989;11.05686593;11.25877722;11.28284953;11.37929553;11.14759041;11.02471152;10.83085628;10.80059235;10.5260173;11.1556698;10.52558115;10.25164647;10.33210263;10.01385146;10.18257362;10.02797271
Norway;NOR;9.313753849;9.8372189;9.976716899;9.083047026;9.772232741;9.804827001;11.29660355;9.722543741;10.09201;11.6822755;7.429148081;7.526341168;7.467626804;8.151268173;7.818332417;7.67101664;7.615492854;8.195307227;8.52482024;9.117546218;8.834015703;9.284992238;8.378534776;9.90643602;9.287466436;9.179216926;9.495835691;9.57484966;11.67958325;11.46182886;10.10866816;8.5591427;8.866872117;9.495202892;9.328763622;9.09928715;7.836962479
Nepal;NPL;0.036141547;0.029589458;0.028208713;0.030746958;0.042728882;0.040240985;0.040839754;0.049521176;0.055145143;0.049502934;0.041120568;0.055934234;0.065842358;0.073017951;0.082259964;0.113021273;0.112548048;0.123235808;0.097647212;0.136947296;0.128201199;0.134196524;0.106188288;0.113310454;0.105021436;0.119790518;0.098333647;0.099102169;0.128299599;0.161228574;0.187197028;0.204630508;0.21697773;0.246574529;0.298463303;0.231435418;0.333997918
Nauru;NRU;16.10618783;15.83212698;15.54976303;15.25859748;14.9709414;14.66627456;18.58205689;17.78691483;17.40024277;16.99514982;13.11709627;12.76915199;12.06490528;11.05054924;10.47913888;10.00592774;9.621064468;9.64365549;9.37141505;8.773566849;8.15913708;7.897601566;7.622945951;6.604562738;6.665926076;6.329475074;4.477411477;4.471042471;4.448892933;4.058456585;4.3982009;4.010838222;3.924214418;4.066537289;4.021851008;3.821322645;3.653230133
New Zealand;NZL;5.608463812;5.288863324;5.779176198;5.615176132;5.979286046;6.714909304;7.052053415;7.363341376;7.735165377;7.700344326;7.071237612;6.891034877;7.10204151;7.471145513;7.370467403;7.386109054;7.674956324;8.204273662;7.871314024;8.510851608;8.549394199;8.87715449;8.408514119;8.46272795;8.453612477;8.258489562;7.992808632;7.963774563;8.029041035;7.527296054;7.298263038;7.181765967;7.744781198;7.528655366;7.684949553;7.591408926;7.325874031
Oman;OMN;5.238222002;4.930051574;4.445499651;5.533825538;5.63219549;5.780399061;6.325471357;5.84279473;6.308662126;5.781167799;6.242654488;6.171151377;6.044256596;6.431085505;7.064596338;7.188346564;6.715402561;6.840900949;7.306759644;9.183339512;9.563740397;8.839294071;10.90900689;13.57433263;11.4440194;11.90378182;15.34572401;16.63369322;15.52397542;14.2909405;15.59066447;16.6188198;17.05486804;16.4794652;15.20154274;15.32246187;14.16707578
Pakistan;PAK;0.41084088;0.426374954;0.448092363;0.467098108;0.480377186;0.511716914;0.51938209;0.544682523;0.574157737;0.583244289;0.636942779;0.616029093;0.639006501;0.666242203;0.704866776;0.682551063;0.741639408;0.722670018;0.724272244;0.724143549;0.747833829;0.74177304;0.762850323;0.776618469;0.840018833;0.852356025;0.890578012;0.946883805;0.926721426;0.904916986;0.944500917;0.93604803;0.908401634;0.914224403;0.933991503;0.945421162;0.987832348
Panama;PAN;1.579127889;1.648906623;1.587922789;1.646975295;1.328032438;1.184768302;1.213981486;1.380900105;1.237014951;1.042766342;1.120455032;1.286224029;1.648471207;1.499108223;1.616197288;1.089525446;1.653650139;1.978749878;2.042317523;1.90804713;1.910747945;2.268102062;1.864247863;1.917461503;1.775536528;2.053606417;2.202362792;2.115040935;2.134787686;2.402514238;2.535812986;2.738514112;2.659836939;3.033654574;2.847076691;2.804430253;2.654140941
Peru;PER;1.374633127;1.340153701;1.28459524;1.083719283;1.071074175;0.986811982;1.079959036;1.246064683;1.186942949;1.010477328;0.954654009;0.901022885;0.889334779;1.00885799;0.976425249;0.982880519;0.98527068;1.089876686;1.083747518;1.125763945;1.145004464;1.013651521;1.003179591;0.963765168;1.154623518;1.332646084;1.022117777;1.237818926;1.447808278;1.808368593;2.000399515;1.705166544;1.872846682;1.572399054;1.705884134;1.727431902;1.856501313
Philippines;PHL;0.781287867;0.712186764;0.699627254;0.688905573;0.586697343;0.516784122;0.523853807;0.570761117;0.641717193;0.648675182;0.674745214;0.692314367;0.749810489;0.743048463;0.803739478;0.869981306;0.870608702;0.974356753;0.927258959;0.906109139;0.939932651;0.891794024;0.876760177;0.860013617;0.87434296;0.866856478;0.770210952;0.807223734;0.867515185;0.847209115;0.903376523;0.896778088;0.932851035;0.993972462;1.039832564;1.146965321;1.179649658
Palau;PLW;12.94695788;12.84151804;12.59835411;12.27758312;11.95005684;11.92696629;11.66567855;11.42448488;12.73087071;15.45679516;15.58560234;15.19901561;12.4885217;12.1558011;11.84530717;11.53682125;11.25549935;10.99245032;10.75600217;10.54633575;10.94053913;11.1602703;10.83088048;10.73683679;10.89006896;11.1227946;11.63531218;13.20717194;10.97904192;10.8295324;11.64126984;12.19233587;12.2649093;12.49687606;12.69074095;12.6627229;12.61985896
Papua New Guinea;PNG;0.512385315;0.526841387;0.516700487;0.519054669;0.514640001;0.521157649;0.493137822;0.544168833;0.500122292;0.451561807;0.467129811;0.459388934;0.453425891;0.44308818;0.430716742;0.39730676;0.411948972;0.473301068;0.513086549;0.427890152;0.455899067;0.537041714;0.57182058;0.634011406;0.706363699;0.675257506;0.648231242;0.898907309;0.68754269;0.712893308;0.651587229;0.713063221;0.665547591;0.675169763;0.739239066;0.922655106;0.911013497
Poland;POL;13.05936746;11.42279709;11.65347614;11.54822291;11.75733071;11.98594819;12.10401817;12.35406034;11.79069191;11.16361398;9.66717214;9.455665483;9.246915317;9.18461204;8.664998584;8.918615723;9.210609908;9.043385427;8.417027479;8.166558532;7.822798329;7.877112224;7.712040984;7.911421984;7.97271581;7.927026686;8.362097463;8.244183742;8.258160054;7.800914342;8.313376825;8.329235611;7.879541044;7.948017671;7.522360976;7.520039008;7.875581533
Puerto Rico;PRI;0;0;0;0;0;0;0;0;0;0;0;0;0;0;0;0;0;0;0;0;0;0;0;0;0;0;0;0;0;0;0;0;0;0;0;0;0
Korea. North;PRK;6.549840832;6.474401494;6.516010938;6.867779008;7.273782744;7.675796533;8.221885968;9.079001858;10.24484361;10.73519426;6.108277295;5.763708401;4.996250204;4.538521273;4.095256266;3.79241314;3.314213828;2.949162014;2.623242754;2.838876321;3.038151299;3.122175872;2.966034637;3.005259441;3.048837658;3.161507489;3.19688596;2.655309496;2.926040745;2.225117989;2.068405565;1.499146915;1.547494957;1.115274977;1.251077232;1.009509196;1.117585629
Portugal;PRT;2.763116005;2.763828494;2.951574043;3.0307109;2.907559769;2.734259393;3.042086135;3.14417772;3.28615515;4.118915142;4.239198924;4.416863558;4.851017443;4.709295486;4.770042511;5.173429531;5.026484644;5.250035785;5.690597799;6.305207232;6.096403385;6.056037979;6.410086691;5.853135645;6.02313785;6.215165476;5.684705076;5.705207852;5.268402206;5.126323978;4.552752646;4.510827218;4.37605313;4.344029312;4.293477531;4.755594668;4.720545309
Paraguay;PRY;0.469090166;0.424635004;0.40602053;0.408086411;0.418936446;0.421940259;0.440070165;0.486202808;0.54065529;0.545718228;0.510533774;0.49154532;0.567578609;0.647990647;0.744230399;0.829842429;0.767517072;0.839328545;0.881601006;0.863262025;0.693004454;0.703887523;0.704636257;0.722595825;0.713492721;0.657958763;0.674088976;0.689576784;0.73203771;0.740066308;0.815799245;0.840043758;0.822882056;0.834756314;0.864029477;0.942414767;1.092871037
West Bank;PSE;0;0;0;0;0;0;0;0;0;0;0.435610196;0.427169266;0.423716867;0.41326509;0.409114997;0.382308562;0.400990032;0.31975106;0.52695738;0.480191024;0.568468181;0.450151178;0.375598342;0.405640436;0.678649001;0.826080986;0.665291777;0.665297084;0.571696311;0.5665855;0.537532609;0.57890268;0.552814348;0.598167688;0.680083232;0.704186233;0.740606555
French Polynesia;PYF;1.913620916;2.089419004;2.073725297;2.518378511;2.661118497;3.314296689;3.327824131;3.262455516;2.990871352;2.772835495;2.182901878;2.123960614;1.9994258;2.019407336;2.054370509;1.967428039;1.94630311;1.988138372;1.931916915;2.09568582;2.36152082;2.769739233;2.739512877;2.91673229;2.836283946;3.018281938;2.99249454;2.917174493;2.999579643;2.999913291;3.013916046;2.890335378;2.794574681;2.807955521;2.712747281;2.806062448;2.80458891
Qatar;QAT;58.57177864;51.85802942;44.56336347;36.4321772;36.13575389;33.44781741;33.43023583;27.24094867;26.89047914;31.03157747;24.72240372;36.3274177;54.63544646;61.93577398;60.6922596;61.91395133;61.81247811;70.042227;58.74518549;55.05426923;58.61946468;67.31049638;63.82809721;60.90080934;57.00557389;58.88108378;62.06618488;51.93367224;45.13478159;41.82722076;39.05970823;39.50920515;42.86037538;36.38791752;43.52329337;41.64216221;38.90147093
Romania;ROU;8.853726719;8.864718761;8.710449013;8.890011018;8.359877745;8.54896734;8.851795307;9.244904383;9.228068093;9.245609624;7.503163349;6.099190193;5.643769903;5.504379114;5.241518875;5.556690076;5.544352572;4.993556835;4.435459288;3.993517767;4.040518655;4.366207979;4.47471788;4.684388286;4.517307494;4.524305495;4.876469678;4.895132266;4.692067363;4.005210952;3.922213561;4.23221901;4.074315455;3.550167079;3.490367336;3.61914154;3.515261924
Russian Federation;RUS;25.11342352;24.47504549;24.78161636;24.98694442;25.02160733;26.77632908;26.65748597;26.36760185;26.89926543;26.14805014;24.39834858;23.44969867;13.99416667;13.05713217;11.44398813;10.99555394;10.88664427;10.31678548;10.12729286;10.40065558;10.62709792;10.66957424;10.71586776;11.0906198;11.12060675;11.25350585;11.66911318;11.67245445;12.01450516;11.02385569;11.69434657;12.33487755;12.62026928;12.12085015;12.07751769;11.78522038;11.99943207
Rwanda;RWA;0.096063464;0.112846606;0.110579377;0.122427069;0.107472111;0.100222373;0.092759792;0.090863945;0.098294473;0.094736488;0.072445678;0.067294519;0.072221184;0.077862376;0.077833842;0.077907717;0.078058814;0.075968617;0.07004522;0.067950553;0.066557755;0.064597852;0.063096145;0.060851257;0.060831351;0.059732484;0.058390835;0.060103365;0.056980845;0.058850305;0.058807364;0.064481265;0.070213897;0.07563592;0.07642592;0.084505937;0.095533926
South Asia;SAS;0.399171072;0.420412469;0.426495958;0.450119795;0.452272671;0.486066273;0.507675537;0.530209619;0.559708304;0.595992874;0.625890159;0.646685204;0.671942354;0.682820685;0.709036975;0.734994151;0.784299648;0.797988979;0.798425204;0.831696;0.848960554;0.845153711;0.84409088;0.864696335;0.897377389;0.93241551;0.978680264;1.039192498;1.129499729;1.223999922;1.20673417;1.267528632;1.357808294;1.352994259;1.461923687;1.512009625;1.545259606
Saudi Arabia;SAU;17.47973157;17.01856557;14.3865519;13.76371346;12.53865604;13.16056507;14.85258129;13.2016022;13.44080802;13.00489324;11.44546531;15.96451989;16.52142146;17.66666263;16.90754625;12.61675682;13.59425035;11.1422549;10.49776847;11.21389236;14.36980164;14.01778217;14.96915013;14.57351967;17.11147523;16.69630041;17.66403491;15.39742391;16.61645475;17.61021255;18.90824847;17.68372988;19.37365993;18.00340041;19.44066648;20.40225162;17.36758781
Sudan;SDN;0.19601397;0.184043369;0.186953328;0.184555471;0.160268905;0.18072673;0.183360631;0.140880448;0.198644125;0.150011347;0.202623461;0.184177591;0.15971432;0.106719319;0.141884602;0.142569611;0.1427799;0.169602368;0.142910349;0.150670884;0.159133714;0.178055693;0.220598608;0.239590405;0.29422066;0.273950845;0.291193188;0.332724015;0.341440489;0.346451108;0.345245386;0.330142237;0.300706838;0.309687395;0.299732598;0;0
Senegal;SEN;0.600311472;0.574281885;0.51687748;0.432363063;0.526909446;0.413657044;0.399097061;0.356793306;0.387055224;0.506103566;0.422910732;0.441619466;0.43553707;0.436825676;0.461134221;0.402138671;0.419656494;0.357427879;0.366787323;0.386676821;0.40196621;0.431514759;0.438598018;0.47205185;0.484067421;0.524087845;0.415596435;0.443350349;0.424289035;0.382899379;0.610870294;0.642029816;0.590463462;0.611946233;0.661495375;0.729704491;0.727113125
Singapore;SGP;13.02164051;10.60068027;11.24154665;13.05373059;12.22547627;12.21414335;12.81463745;11.74850772;12.68584397;14.29189898;14.60237955;14.4395268;14.98945491;15.44834797;18.0408719;11.96597963;13.53932406;15.39235856;12.37953887;12.64782052;12.16662434;11.97221516;11.3102312;7.566013727;6.833825574;7.116921432;6.997632098;4.342606098;7.466761968;11.75775553;11.48769878;9.020910209;9.410410138;10.39280429;10.35594282;11.10236022;6.694046297
Solomon Islands;SLB;0.445360145;0.5690541;0.49102241;0.56180689;0.544423592;0.55522032;0.552344201;0.562442918;0.534562603;0.532024058;0.470330206;0.457260428;0.433379294;0.421240987;0.398950988;0.398053334;0.387020564;0.37635099;0.366049558;0.383514366;0.373222508;0.371938275;0.362125429;0.360943767;0.351874104;0.343353521;0.343010905;0.365111393;0.356967181;0.348776449;0.354292134;0.338583361;0.329728233;0.340169953;0.33104744;0.316163669;0.272315022
Sierra Leone;SLE;0.179643765;0.200069802;0.15640972;0.190448933;0.166164353;0.174421223;0.172270172;0.123500301;0.110275526;0.087916071;0.112902285;0.125643991;0.103741866;0.105038696;0.12337419;0.098832772;0.117339483;0.110805916;0.102105611;0.089571749;0.092783381;0.119557508;0.122583706;0.125498407;0.118094601;0.096779913;0.125814065;0.107139285;0.108211601;0.104057657;0.113171356;0.136885898;0.153506825;0.1736274;0.186560088;0.148788315;0.149104947
El Salvador;SLV;0.464851167;0.392918341;0.373104942;0.396087148;0.32973403;0.402590986;0.398050231;0.483381966;0.481477903;0.497808138;0.478024902;0.599246041;0.618126172;0.735339935;0.822812414;0.899713428;0.788188026;0.955951011;1.00248889;0.969318097;0.977171457;1.004139527;1.036970978;1.093234038;1.056793913;1.057906787;1.125542508;1.14289521;1.066891681;1.046321459;1.044262214;1.070477129;1.068134217;0.994280785;0.998428944;1.082975765;1.1278829
San Marino;SMR;0;0;0;0;0;0;0;0;0;0;0;0;0;0;0;0;0;0;0;0;0;0;0;0;0;0;0;0;0;0;0;0;0;0;0;0;0
Somalia;SOM;0.129606214;0.042239322;0.108766225;0.141281645;0.108102163;0.129060932;0.137170635;0.144814553;0.143953079;0.134172492;0.101507358;0.097295584;0.093492269;0.0877169;0.085549761;0.078806141;0.073982589;0.067923434;0.062340742;0.057446916;0.054143738;0.05468532;0.061751277;0.060522574;0.058641634;0.056864343;0.05518945;0.054938209;0.052766349;0.051010131;0.050846475;0.049480774;0.047872402;0.048280633;0.046986287;0.04571391;0.045496236
Serbia;SRB;0;0;0;0;0;0;0;0;0;0;0;0;0;0;0;0;0;0;0;0;0;0;0;0;0;0;8.239355392;8.10193903;7.047910798;6.274286701;6.273911614;6.774783563;6.08341611;6.226209679;5.238295195;6.189892639;6.406826438
South Sudan;SSD;0;0;0;0;0;0;0;0;0;0;0;0;0;0;0;0;0;0;0;0;0;0;0;0;0;0;0;0;0;0;0;0;0.13161632;0.139880248;0.145569875;0.181371037;0.159441965
Sao Tome and Principe;STP;0.421080652;0.450076711;0.479235571;0.544248313;0.499256046;0.52423659;0.477878413;0.4656339;0.420805932;0.409826341;0.399894303;0.390886877;0.382666003;0.375179046;0.368323456;0.362027066;0.356269525;0.350955592;0.345822935;0.340606892;0.335092997;0.354654416;0.397919252;0.438825915;0.477048466;0.48902027;0.521650658;0.507161756;0.492876344;0.521247925;0.548918618;0.556437103;0.603368294;0.591799549;0.580793656;0.570003811;0.595447455
Suriname;SUR;6.599010934;5.640849216;5.191734063;3.79573095;4.262994829;4.337102182;4.704637121;4.61944241;4.828015028;4.672843393;4.299008562;4.909943851;4.838098883;4.771928472;4.702805568;4.672437089;4.655266428;4.64264089;4.585364846;4.570157721;4.66410656;4.970648839;3.24703045;3.163940911;3.164280506;3.193732844;3.454422393;3.450494052;3.758320087;3.827436902;4.539344126;3.371153843;4.187008889;3.852629752;4.056195981;3.082416443;3.07702303
Slovak Republic;SVK;0;0;0;0;0;0;0;0;0;0;0;0;8.328661591;8.05247737;7.560575842;7.854439175;7.688376418;7.625149374;7.509487589;7.272131497;6.659329488;7.317137791;7.300020532;7.349868072;7.212801455;7.325390806;7.277962961;6.843273815;7.010558568;6.319073237;6.721959562;6.395396289;6.066482246;6.11280356;5.661581328;5.767758994;5.970322225
Slovenia;SVN;0;0;0;0;0;0;0;0;0;0;0;0;6.250344854;6.609542582;6.705668873;7.238644496;7.519770415;7.985964946;7.666612166;7.703668853;7.23840366;7.611741112;7.731011817;7.772287175;7.884828934;7.931674693;8.094608116;8.049468764;8.58644121;7.491602314;7.485854369;7.384577389;7.133786936;6.743161616;6.053631946;6.072183553;6.117461533
Sweden;SWE;8.634769908;8.344564986;7.482205547;6.999367874;6.877325362;7.471990516;7.412135421;7.111037004;6.808940899;6.53871228;6.069368319;5.979200975;5.886699422;5.936305085;6.251746293;6.248524772;6.324031405;5.89509852;5.985459792;5.769666514;5.562430083;5.747026066;6.434228598;6.115194532;6.062241404;5.710313512;5.459003216;5.253521937;5.328098275;4.63141136;5.547348052;5.474957121;4.942300828;4.671420785;4.484611458;3.896324042;4.35875184
Eswatini;SWZ;0.792213426;0.717270456;0.692863415;0.416119856;0.494190946;0.629455856;0.633468999;0.582893865;0.563958447;0.54648613;1.172662387;1.036848755;0.964339966;0.801389199;1.191869946;1.147370477;1.016124665;1.24843631;1.238651601;1.246792099;1.185332717;1.132360703;1.111911087;1.025381257;1.014754172;0.99985251;0.994532339;1.033996003;1.058246861;1.009106667;0.995234951;1.002237806;1.144994663;1.403585996;0.823803379;0.89014206;1.036913457
Sint Maarten;SXM;0;0;0;0;0;0;0;0;0;0;0;0;0;0;0;0;0;0;0;0;0;0;0;0;0;0;0;0;0;0;0;0;20.11345266;19.53355916;19.46132413;0;0
Seychelles;SYC;1.507121291;1.546170063;1.309378542;1.538960131;1.52987623;2.304380479;2.513480168;2.944349553;2.88005236;3.393063166;2.163048326;2.446783742;2.435580741;2.537610895;2.717943535;2.62958143;3.07114909;4.410701121;5.487989245;6.338925507;7.050966955;7.812504618;6.43848166;6.644640678;8.936853592;8.320210481;8.669030733;7.546775958;7.970272322;6.006792825;4.942709146;3.732379547;4.775658811;3.669079145;5.338401252;5.259936416;6.390728477
Syria;SYR;2.32934917;2.878797897;2.553456347;2.813291622;3.214888805;2.78452312;2.849152584;3.188695091;3.152555779;2.86124765;3.001677865;3.318652768;3.254448343;3.36637734;3.343821888;2.904358665;2.901211809;3.02536303;3.223518553;3.270397343;3.11019717;2.909268872;2.286531603;3.116543213;2.866491678;2.757263587;2.81134785;3.343756549;3.275343328;2.939358639;2.883815863;2.69924891;2.188087381;1.860624448;1.640539063;1.627771232;1.651774073
Turks and Caicos Islands;TCA;0;0;0;0;0;0;0;0;0;0;2.422260755;2.289907111;2.420994718;2.776882831;2.856104368;2.939750863;2.816436252;3.131155007;3.218078104;3.462155783;3.455316405;3.399619895;4.261751033;4.105233697;3.845543071;4.294215756;4.865877309;5.430804673;5.52365233;5.626698816;5.613900796;5.493303772;5.38219926;5.384728341;5.59863157;5.707234374;5.91791351
Chad;TCD;0.046300197;0.045312344;0.043523728;0.042495521;0.043641043;0.03526376;0.035640731;0.036582966;0.011808661;0.01778272;0.063338091;0.062535335;0.064032269;0.061452589;0.060025633;0.060156388;0.060181286;0.060110804;0.059464498;0.059192633;0.05836898;0.057890764;0.056514007;0.079411955;0.076844983;0.07590679;0.075744727;0.07898032;0.082956472;0.081523098;0.083451527;0.066451641;0.071993351;0.072949324;0.073267221;0.070944141;0.069755686
Togo;TGO;0.264158225;0.222968901;0.251541696;0.180504748;0.193808292;0.169090383;0.210443699;0.220754786;0.221405754;0.22728307;0.205000805;0.218330765;0.211884473;0.214792905;0.202010816;0.225592606;0.243690623;0.219891613;0.251725762;0.321407743;0.276268469;0.229614541;0.237079979;0.274476099;0.255520628;0.238514053;0.211892491;0.237845036;0.276678743;0.445260993;0.410573777;0.375820713;0.355666909;0.36803288;0.362693064;0.360032243;0.399417466
Thailand;THA;0.847192872;0.78733138;0.769642743;0.846113989;0.899761185;0.935517781;0.938135708;1.055592048;1.220651642;1.414537742;1.604039776;1.74166989;1.894805214;2.113476992;2.323886401;2.679308118;2.938896564;2.989933009;2.61479855;2.698809095;2.743290186;2.906858563;3.037180083;3.189472895;3.407058655;3.477630683;3.511904525;3.536123162;3.471334905;3.680664073;3.852981518;3.7954794;4.025723762;4.214834224;4.105519506;4.138352218;4.114223358
Tajikistan;TJK;0;0;0;0;0;0;0;0;0;0;0;0;1.329518033;0.925712927;0.415180783;0.424915305;0.483179879;0.362475951;0.414313298;0.411661528;0.359837081;0.362723793;0.292704206;0.317283052;0.384731813;0.359715206;0.384043566;0.45794198;0.402305848;0.332605316;0.337110559;0.304888204;0.37206278;0.3612508;0.559858657;0.592079302;0.612889431
Turkmenistan;TKM;0;0;0;0;0;0;0;0;0;0;0;0;8.236977745;6.891872397;8.149181964;8.080253983;7.153793512;7.031527289;7.27172011;8.436472476;8.312217333;8.342192944;8.669542224;9.579936221;9.895300018;10.16656003;10.29328732;11.50742063;11.51415089;10.05212428;11.26147873;12.07311921;12.31475484;12.43590562;12.51776695;12.69909189;12.47358651
Timor-Leste;TLS;0;0;0;0;0;0;0;0;0;0;0;0;0;0;0;0;0;0;0;0;0;0;0.174866207;0.170358607;0.181106356;0.176876504;0.176778181;0.176911825;0.191092549;0.211634429;0.214616428;0.22071489;0.258924584;0.384729839;0.437168056;0.419943292;0.406011541
Tonga;TON;0.433866474;0.510346969;0.469922363;0.508604594;0.508284642;0.507700009;0.506663974;0.583168117;0.736571133;0.734552087;0.810011676;1.001007916;0.730332603;0.88262503;0.957551259;0.993394182;0.799881587;1.024736336;0.906999753;1.128516034;0.973145663;0.893600171;1.036900891;1.178282742;1.097706999;1.126574501;1.261921617;1.108168179;1.170556883;1.270690153;1.1284596;0.991444738;1.035099331;1.117021068;1.125202914;1.200732281;1.269071421
Trinidad and Tobago;TTO;15.61462705;15.6631899;16.45209461;14.32554032;15.18135981;17.73518416;14.69116624;14.66749655;13.17698748;13.30918154;13.94288585;13.84333127;15.4871871;14.45137969;13.9575613;13.57216871;16.37328247;14.59991364;15.15691589;17.83695497;18.81317173;20.72512252;22.40889734;24.92074069;25.91383845;29.4264629;32.76356808;34.75442871;33.76743457;33.98747928;36.08889453;35.12550948;33.77371196;34.3782943;33.96103108;33.75508491;31.84485149
Tunisia;TUN;1.48945794;1.501228395;1.413370672;1.629641284;1.618352634;1.628978631;1.604769603;1.525707153;1.581676127;1.64191789;1.60471646;1.837882157;1.744130652;1.876037696;1.777497581;1.723917138;1.808306375;1.801665822;1.892909956;1.906814917;2.052131516;2.125563118;2.113365672;2.136350551;2.224946187;2.242265111;2.253858217;2.339754109;2.383767796;2.355086515;2.600803611;2.422390866;2.489516274;2.526032939;2.605932406;2.705982827;2.64840154
Turkey;TUR;1.722847393;1.775448096;1.890011889;1.92341659;1.991029625;2.171961795;2.331644921;2.542168161;2.426526016;2.628988973;2.707520507;2.720197339;2.746190834;2.808934048;2.72475914;2.940486478;3.167194771;3.288497634;3.271079338;3.159085617;3.417941997;3.031010351;3.157334228;3.306488747;3.36395109;3.496000757;3.80492901;4.093144465;4.032738479;3.935469367;4.096888453;4.372357933;4.386124614;4.285926545;4.478823888;4.461231155;4.669466686
Tuvalu;TUV;0;0;0;0;0;0;0;0;0;0;0.822843038;0.812541547;0.804872695;0.797694148;0.792693472;0.788771779;0.786656656;0.786656656;0.785897985;0.784720736;0.780711092;0.773302404;1.146415173;1.131091919;1.114702604;1.1001;0.724703557;1.076313472;1.066608493;1.055353031;0.69648623;0.68973949;1.024397057;1.013263332;1.002643092;0.991170376;0.980044543
Tanzania;TZA;0.10167287;0.11104171;0.109879918;0.10904814;0.112901882;0.108990627;0.103120717;0.104081807;0.09666793;0.090429203;0.085695774;0.088379778;0.082558241;0.088758453;0.072721955;0.083978605;0.085277596;0.092401347;0.080061499;0.077643518;0.07914346;0.09096621;0.101599393;0.104748991;0.116740428;0.143150096;0.152433674;0.144944224;0.146753792;0.137404486;0.160252602;0.177194603;0.202862863;0.230538234;0.231426985;0.251220815;0.225684764
Uganda;UGA;0.050397056;0.04117307;0.041323807;0.045169605;0.04140156;0.042565278;0.046718639;0.049323137;0.053486117;0.047907355;0.044161904;0.043913646;0.043462675;0.042070323;0.036126179;0.046167246;0.050560503;0.051477604;0.057084095;0.057675294;0.060780277;0.061946205;0.061924706;0.062667953;0.064805143;0.078414179;0.088814596;0.097997791;0.104834308;0.107636295;0.120883274;0.127392876;0.118310285;0.123482382;0.129345873;0.139771241;0.143267095
Ukraine;UKR;0;0;0;0;0;0;0;0;0;0;0;0;12.09826486;10.33620726;8.508382998;8.656952641;8.075863335;6.743723935;6.553790346;6.694633591;6.525532256;6.612406766;6.611444787;7.371051365;7.23676392;7.087898757;6.976799586;6.907396071;6.723651438;5.64780667;6.641343749;6.265964231;6.487596829;5.976635541;5.046562571;4.34697596;4.493971404
Uruguay;URY;2.00243055;1.831867439;1.64986025;1.283989498;1.153196295;1.094674482;1.0490456;1.167588925;1.566601221;1.580258014;1.284204308;1.454313048;1.639096214;1.405526875;1.270387745;1.423909393;1.675759019;1.698845991;1.72817545;2.033027087;1.598364749;1.530547985;1.389165494;1.383537104;1.689161686;1.738671739;1.999238889;1.801720058;2.474512315;2.406222572;1.901575191;2.304301301;2.573105623;2.238430313;1.984240835;1.963537904;1.975862788
United States;USA;20.78648774;19.76676417;18.59049523;18.57154371;18.97675027;18.88231274;18.72072272;19.35033442;20.01041341;20.07576978;19.32275118;19.05616319;19.13943728;19.34708291;19.36089205;19.27654526;19.49602474;19.69036318;19.5792362;19.72716951;20.17875051;19.63650507;19.61340408;19.56410453;19.65837118;19.59188523;19.09406652;19.21789784;18.46176387;17.15773779;17.4431109;16.91520177;16.19342933;16.36222413;16.41657591;15.98986626;15.50220398
Uzbekistan;UZB;0;0;0;0;0;0;0;0;0;0;0;0;5.205331204;5.289758636;4.848528802;4.536876454;4.5777107;4.532812989;4.953827159;5.060297553;4.941815954;4.944720232;5.078575569;4.971916543;4.874333204;4.480082661;4.541206044;4.473745459;4.538017932;3.858171993;3.647048882;3.874800916;3.889733195;3.417442433;3.420722746;3.288582762;2.882785961
St. Vincent and the Grenadines;VCT;0.364636159;0.361505171;0.39447074;0.462681497;0.636024629;0.6316001;0.627332085;0.727125942;0.61958848;0.719214353;0.750567526;0.782558269;0.781296897;0.9504133;1.119922631;1.187994631;1.222605023;1.223522869;1.49672081;1.531348021;1.360869888;1.665335138;1.730085016;1.827982202;2.02760985;2.02570571;2.025910886;2.095081;2.097497071;2.878415692;2.032423445;1.828150966;2.33340711;1.924278691;2.021109488;2.015795067;2.010067697
Venezuela;VEN;5.98067447;5.896206704;5.831459235;5.662026655;5.523520026;5.847672049;6.163043936;6.086952146;6.208790307;5.679443806;6.222407299;5.744377291;5.154891872;5.918663936;6.052085844;6.080431546;5.485843074;5.866977004;7.185495765;7.292497747;6.30041799;7.002517642;7.701743573;7.518235592;5.836654063;6.218894868;6.355267973;5.946848035;6.530473626;6.459469903;6.693449564;5.931888263;6.540353293;6.176024158;6.161191593;5.714223427;5.500712738
British Virgin Islands;VGB;2.555845966;3.720953831;2.993713773;3.163190088;3.027848671;3.415806821;3.754863813;4.046147855;4.0860468;3.914482268;3.774143747;4.073086749;4.57430307;4.684765251;5.190783265;5.696163206;6.017023895;5.967149758;6.105191464;6.042694497;6.138447147;6.207738815;6.421458659;6.76818014;7.224321662;7.776128446;7.632269075;7.466642712;7.306740238;7.052183883;7.124487299;7.12189696;7.039616056;6.991541581;7.336782918;7.295760154;7.245307443
Virgin Islands (U.S.);VIR;0;0;0;0;0;0;0;0;0;0;0;0;0;0;0;0;0;0;0;0;0;0;0;0;0;0;0;0;0;0;0;0;0;0;0;0;0
Vietnam;VNM;0.309873931;0.319261223;0.323557081;0.332214839;0.294899843;0.347570832;0.3706802;0.407674883;0.355998429;0.263108391;0.315413663;0.310420097;0.306258097;0.319732635;0.359474571;0.388334428;0.455743274;0.584708333;0.608242811;0.603434888;0.671308552;0.757220692;0.868419917;0.957054376;1.090129494;1.170708252;1.214192778;1.227733963;1.368182472;1.476951428;1.622618922;1.712240646;1.588281536;1.622307629;1.824531973;2.032107552;2.057565917
Vanuatu;VUT;0.539278701;0.433082225;0.422900449;0.442842306;0.432943195;0.930968427;0.441159442;0.350318565;0.473789613;0.436565962;0.450328505;0.437949521;0.401746472;0.390243139;0.379817095;0.392523698;0.491148484;0.482166235;0.453257822;0.465291148;0.455966308;0.465111855;0.434926774;0.423911459;0.287428905;0.280349003;0.222377198;0.451123606;0.424300413;0.525570366;0.512300443;0.544036134;0.455621065;0.414374501;0.583633966;0.486895585;0.527000323
World;WLD;0.004385088;0.004176562;0.004067576;0.003981379;0.004054128;0.004104946;0.004157148;0.004188198;0.004267015;0.004285941;0.004218378;0.004195685;0.004077023;0.004051406;0.004020677;0.004049534;0.004092233;0.004078986;0.004020516;0.004024013;0.004078221;0.004050255;0.004096235;0.004268624;0.004409031;0.004531555;0.004628293;0.004649816;0.004753536;0.00457224;0.004831503;0.004932195;0.00498265;0.004985735;0.004940741;0.004902181;0.004848808
Samoa;WSM;0.636611477;0.656466782;0.722345779;0.717875366;0.713836281;0.710525658;0.708073799;0.706221849;0.70442321;0.747258244;0.630676339;0.648444789;0.664753157;0.658273446;0.673865105;0.690039634;0.728408261;0.745896971;0.763785951;0.781520543;0.81977484;0.836298121;0.831486279;0.867762728;0.841855647;0.897739349;0.912310091;0.946733243;0.980465233;1.013334706;1.00574351;1.075831204;1.047226688;1.038281852;1.087388995;1.212776403;1.262955252
Kosovo;XKX;0;0;0;0;0;0;0;0;0;0;0;0;0;0;0;0;0;0;0;0;0;0;0;0;0;0;0;0;4.266386362;4.650694816;4.745655749;4.672302624;4.395271777;4.441262031;4.005282521;4.702186449;5.031519664
Yemen;YEM;0.150523464;0.165266263;0.229251762;0.280729409;0.320008805;0.329840083;0.3172302;0.325062103;0.317462195;0.312651949;0.321606426;0.748475385;0.768266089;0.638507369;0.634009607;0.701763357;0.687683662;0.716842701;0.741633987;0.821118176;0.841074757;0.904554225;0.85473309;0.911486595;0.966289064;0.996837633;1.030386492;0.985389791;1.020428239;1.090990014;1.01197481;0.865783086;0.764021452;1.013754066;0.955250966;0.49709107;0.390479572
South Africa;ZAF;7.999998179;8.773991453;9.311609134;9.4286909;9.922516125;9.921215094;9.877464152;9.593208378;9.77339886;9.493669143;8.513599989;8.653758151;7.801071104;8.100407279;8.361297473;8.742672525;8.626706188;8.982420083;8.647141174;8.462992931;8.420829921;8.163976697;7.727642398;8.657235861;9.519375403;8.707407369;9.236950117;9.498785998;9.979458339;9.967159109;9.17305524;9.179456987;8.794996821;8.553336036;8.882321727;8.376655342;8.480658464
Zambia;ZMB;0.603456358;0.555921145;0.561825153;0.504629187;0.420787312;0.39778387;0.404310695;0.366558897;0.413596375;0.332928612;0.304334475;0.293034292;0.290709871;0.288904066;0.272862564;0.238645464;0.200238058;0.249112461;0.234519093;0.178277218;0.174972043;0.178339467;0.180814948;0.187637934;0.185720846;0.192995979;0.188267332;0.154270853;0.168958161;0.189799593;0.197823105;0.208411807;0.254266867;0.265078347;0.292412222;0.285427858;0.314182895
Zimbabwe;ZWE;1.300764622;1.229246191;1.107254857;1.267386026;1.158913038;1.156175243;1.426918194;1.599635486;1.63484543;1.594088431;1.499500643;1.493785645;1.56058987;1.475029222;1.58021271;1.325950506;1.299201202;1.236363494;1.213377172;1.339294793;1.171874423;1.056376707;1.00093113;0.889342579;0.78923448;0.891798247;0.859470259;0.80664939;0.627678197;0.447289081;0.614549238;0.746236404;0.600302734;0.881704578;0.891738608;0.891623872;0.782776886
